0.814016 0.8101520000000001 0.806078 0.802746 0.797852 0.7925359999999999 0.787512 0.781384 0.774008 0.76773 0.75855 0.749698 0.738666 0.727168 0.715624 0.699998 0.687206 0.671374 0.652696 0.6311939999999999 0.609614 0.586878 0.563374 0.536614 0.512156 0.48424599999999995 0.45922 0.43670600000000004 0.411508 0.388018 0.36774599999999996 0.344792 0.334386 0.331386 0.33061599999999997 0.33057 0.330418 0.33063400000000004 0.330876 0.329386 0.330596 
0.814192 0.8108920000000001 0.806744 0.802274 0.797948 0.7929339999999999 0.787616 0.78162 0.77454 0.768336 0.758544 0.750872 0.7391639999999999 0.729304 0.714822 0.7024779999999999 0.686842 0.6707580000000001 0.651986 0.630726 0.6090059999999999 0.588708 0.559886 0.535194 0.511048 0.485182 0.458786 0.435076 0.407238 0.38590199999999997 0.36798200000000003 0.347134 0.33454 0.331262 0.330734 0.33027 0.330338 0.330118 0.330052 0.330606 0.329864 
0.81409 0.8107559999999999 0.806496 0.8025399999999999 0.797366 0.792412 0.78708 0.7809360000000001 0.773956 0.7683139999999999 0.7585080000000001 0.750494 0.740328 0.7293379999999999 0.7162200000000001 0.7024900000000001 0.685926 0.668428 0.651306 0.632698 0.609996 0.584602 0.562138 0.5372899999999999 0.5114259999999999 0.485614 0.459236 0.433376 0.41375 0.389032 0.365782 0.34712400000000004 0.33574400000000004 0.33085000000000003 0.33122 0.33068400000000003 0.33057400000000003 0.33044 0.33062 0.33040800000000004 0.331844 
0.814162 0.8107559999999999 0.8071820000000001 0.80251 0.798242 0.793172 0.786722 0.781024 0.7739 0.766674 0.760246 0.7502340000000001 0.739986 0.7287480000000001 0.713878 0.7016140000000001 0.686624 0.670822 0.651126 0.63014 0.6124339999999999 0.586774 0.562372 0.53723 0.5129400000000001 0.483382 0.460818 0.436944 0.412194 0.38969 0.36712 0.347742 0.33394999999999997 0.330932 0.330214 0.330404 0.330392 0.329934 0.33110199999999995 0.33069600000000005 0.330548 
0.81436 0.8107000000000001 0.806548 0.80308 0.7979539999999999 0.792972 0.787192 0.780682 0.7743 0.766774 0.758352 0.749026 0.739638 0.729706 0.718272 0.7037279999999999 0.685404 0.670294 0.652282 0.630068 0.612826 0.586502 0.563196 0.536198 0.511598 0.48686599999999997 0.45850599999999997 0.43200599999999995 0.411692 0.386884 0.367448 0.345902 0.335404 0.33115 0.33027999999999996 0.32978199999999996 0.33118000000000003 0.330664 0.33047000000000004 0.331264 0.33032 
0.814048 0.8106319999999999 0.80677 0.8026960000000001 0.797828 0.792926 0.7872319999999999 0.7813920000000001 0.774356 0.766842 0.758928 0.750856 0.7394080000000001 0.7288300000000001 0.7148680000000001 0.703206 0.687226 0.6710940000000001 0.653354 0.631366 0.608368 0.5869160000000001 0.561874 0.53639 0.51406 0.484346 0.463486 0.43532600000000005 0.412362 0.388316 0.36570199999999997 0.34793799999999997 0.334658 0.33236 0.33068000000000003 0.32994799999999996 0.330122 0.331586 0.33007600000000004 0.33088999999999996 0.330326 
0.814376 0.810466 0.8071459999999999 0.80234 0.797994 0.79275 0.786748 0.7813239999999999 0.77443 0.767378 0.757932 0.750388 0.7390220000000001 0.728552 0.7152540000000001 0.701962 0.6867580000000001 0.67153 0.64916 0.63076 0.612798 0.5871580000000001 0.563628 0.535886 0.5138959999999999 0.486964 0.46134 0.434764 0.41229000000000005 0.38557600000000003 0.36626 0.346788 0.33628399999999997 0.33111 0.330898 0.330686 0.330226 0.33048200000000005 0.330538 0.33050999999999997 0.330868 
0.814196 0.810866 0.806162 0.802298 0.7979120000000001 0.7926 0.7875700000000001 0.781342 0.775058 0.767888 0.758294 0.750538 0.738488 0.726448 0.71653 0.7007519999999999 0.6875 0.670932 0.654302 0.629722 0.611514 0.584152 0.5608339999999999 0.53569 0.5108360000000001 0.486144 0.460488 0.435936 0.412292 0.38813200000000003 0.36437 0.347074 0.33519 0.33059 0.33045800000000003 0.32974200000000004 0.33086 0.33036 0.330424 0.33057400000000003 0.33105 
0.8142659999999999 0.8107380000000001 0.806704 0.80301 0.7977000000000001 0.792544 0.7869160000000001 0.78218 0.775064 0.76638 0.759654 0.750144 0.739504 0.72872 0.714452 0.70323 0.68808 0.668806 0.651568 0.63176 0.611536 0.5835739999999999 0.563316 0.537764 0.5101600000000001 0.48847199999999996 0.46111 0.43598200000000004 0.413012 0.388746 0.364928 0.347862 0.33545400000000003 0.331322 0.330794 0.330666 0.330476 0.330356 0.329858 0.33017599999999997 0.33079000000000003 
0.813926 0.810258 0.806494 0.8020940000000001 0.797326 0.792892 0.787258 0.7818440000000001 0.773956 0.76661 0.758396 0.7499819999999999 0.740756 0.7281 0.7164980000000001 0.702058 0.684626 0.670312 0.650318 0.632846 0.6086459999999999 0.586232 0.560898 0.5355059999999999 0.5129239999999999 0.48413 0.462592 0.43609 0.410264 0.387444 0.36547199999999996 0.345032 0.335216 0.330776 0.33097000000000004 0.331758 0.33088799999999996 0.330886 0.331046 0.331062 0.330464 
0.814258 0.810432 0.80652 0.802284 0.79784 0.793164 0.7866620000000001 0.780924 0.774434 0.76635 0.759648 0.749202 0.739694 0.728696 0.717028 0.703466 0.687894 0.671342 0.651976 0.6302340000000001 0.60909 0.584352 0.5610040000000001 0.53827 0.511096 0.483288 0.46161599999999997 0.437564 0.411462 0.38919 0.366486 0.348452 0.334088 0.33007600000000004 0.33050799999999997 0.330656 0.3315 0.330286 0.330544 0.330398 0.330648 
0.81431 0.8107859999999999 0.8064880000000001 0.801942 0.7974840000000001 0.79142 0.787004 0.781698 0.7741520000000001 0.7663920000000001 0.7589819999999999 0.749572 0.7406159999999999 0.72866 0.715954 0.700686 0.688294 0.670068 0.65279 0.632848 0.608998 0.587404 0.562354 0.5363880000000001 0.512002 0.488438 0.46044999999999997 0.43807999999999997 0.41205 0.38842200000000005 0.36809 0.344194 0.33555599999999997 0.33093 0.33138799999999996 0.331 0.330544 0.33157600000000004 0.330376 0.33069 0.330714 
0.814044 0.810608 0.806946 0.802264 0.797702 0.792812 0.787068 0.780918 0.774122 0.766386 0.760262 0.7494339999999999 0.7396739999999999 0.728694 0.71499 0.703022 0.6869 0.66875 0.6501 0.629892 0.611336 0.5876760000000001 0.564776 0.5376040000000001 0.50973 0.484678 0.46128199999999997 0.43541199999999997 0.41097 0.389456 0.366622 0.34687799999999996 0.335882 0.331396 0.331212 0.3306 0.331048 0.330286 0.330918 0.33062 0.331368 
0.814288 0.8102619999999999 0.806126 0.801954 0.7976 0.792852 0.7871180000000001 0.780222 0.77434 0.7671520000000001 0.758918 0.7505499999999999 0.739374 0.72936 0.715812 0.7038 0.686418 0.6671 0.652014 0.631112 0.611234 0.585414 0.5651660000000001 0.535912 0.5130779999999999 0.485498 0.460138 0.43671 0.410346 0.38747000000000004 0.364636 0.34701 0.334824 0.33100799999999997 0.331078 0.331252 0.32994999999999997 0.33028399999999997 0.33100599999999997 0.330372 0.330426 
0.814308 0.810476 0.806682 0.8020259999999999 0.797868 0.792914 0.787408 0.781596 0.774598 0.767068 0.758414 0.74914 0.739308 0.7284299999999999 0.7153339999999999 0.703864 0.685612 0.669602 0.651276 0.628996 0.6071420000000001 0.584626 0.560778 0.5374220000000001 0.512572 0.48647199999999996 0.460798 0.438274 0.41062400000000004 0.38955399999999996 0.36918799999999996 0.34702 0.336168 0.33082 0.331214 0.330454 0.33057600000000004 0.33188799999999996 0.330354 0.32982 0.331266 
0.813958 0.8104539999999999 0.8065119999999999 0.80196 0.797468 0.792574 0.786576 0.781818 0.7742720000000001 0.766448 0.75827 0.749014 0.73938 0.72834 0.7143579999999999 0.70185 0.6864880000000001 0.669892 0.650408 0.6295839999999999 0.607522 0.5876180000000001 0.565588 0.5389539999999999 0.512264 0.48932400000000004 0.46067 0.436328 0.41316 0.389078 0.366762 0.34625 0.33505399999999996 0.33082 0.330854 0.33124000000000003 0.331364 0.330946 0.33066 0.330668 0.33103 
0.814374 0.810612 0.806566 0.80231 0.7977839999999999 0.792728 0.78722 0.7808160000000001 0.77454 0.7676499999999999 0.75952 0.748904 0.739596 0.728348 0.715952 0.703466 0.688162 0.6702480000000001 0.653226 0.63288 0.609034 0.591004 0.5636680000000001 0.534716 0.509906 0.48842599999999997 0.460084 0.436758 0.411682 0.388618 0.367094 0.34844600000000003 0.335512 0.331272 0.330738 0.331128 0.33061799999999997 0.33144 0.3314 0.331352 0.330404 
0.814372 0.810744 0.8063060000000001 0.802442 0.7980280000000001 0.792602 0.787102 0.7804139999999999 0.773664 0.766828 0.759826 0.749968 0.739402 0.7291799999999999 0.7155560000000001 0.703314 0.6870499999999999 0.671874 0.6532039999999999 0.632438 0.606472 0.586778 0.5616559999999999 0.537168 0.5091019999999999 0.485738 0.463112 0.435802 0.411824 0.38817399999999996 0.36630399999999996 0.34844600000000003 0.33431 0.331738 0.330654 0.33068000000000003 0.33095600000000003 0.330252 0.33117399999999997 0.330904 0.3307 
0.8144239999999999 0.810414 0.806766 0.802476 0.7973060000000001 0.7922939999999999 0.787588 0.780846 0.774752 0.76662 0.759212 0.749808 0.7407480000000001 0.730854 0.71429 0.701108 0.686744 0.670314 0.6487179999999999 0.630674 0.61058 0.588098 0.5649160000000001 0.538926 0.511282 0.487222 0.461464 0.43595 0.41193799999999997 0.39006799999999997 0.36654000000000003 0.347766 0.335748 0.332084 0.33108800000000005 0.331654 0.33119600000000005 0.330928 0.332104 0.330748 0.330578 
0.8143239999999999 0.810224 0.8069339999999999 0.802826 0.798554 0.792476 0.788208 0.780862 0.774028 0.766768 0.758752 0.749418 0.741656 0.729232 0.7170700000000001 0.7030879999999999 0.688194 0.670044 0.650992 0.631734 0.611856 0.58508 0.565616 0.5399539999999999 0.511636 0.487072 0.464924 0.43426600000000004 0.412588 0.388204 0.36718599999999996 0.345588 0.33486200000000005 0.331138 0.331572 0.331106 0.331236 0.33052 0.33136200000000005 0.330476 0.33086 
0.814014 0.810688 0.806846 0.802376 0.797958 0.7922899999999999 0.78711 0.781594 0.773786 0.7668980000000001 0.758362 0.750436 0.740658 0.72915 0.71694 0.703188 0.686304 0.67076 0.6518160000000001 0.63173 0.608032 0.584138 0.5601499999999999 0.53914 0.513364 0.486814 0.461444 0.434976 0.413034 0.38807400000000003 0.367424 0.347452 0.333868 0.33149 0.330856 0.330688 0.331306 0.331086 0.331106 0.331106 0.331192 
0.81412 0.81036 0.806778 0.80269 0.79786 0.79218 0.7870739999999999 0.780408 0.7742279999999999 0.766554 0.758358 0.750478 0.739648 0.728734 0.717416 0.7026359999999999 0.6873940000000001 0.6680159999999999 0.651588 0.6298279999999999 0.6120119999999999 0.585094 0.563378 0.539676 0.512102 0.488654 0.459248 0.43614800000000004 0.41262400000000005 0.3865 0.367618 0.348 0.33558 0.331406 0.331626 0.331386 0.330754 0.330484 0.33127 0.33088 0.33048200000000005 
0.814178 0.81092 0.807188 0.80234 0.797512 0.79287 0.786496 0.7814500000000001 0.7734099999999999 0.766996 0.758752 0.7505080000000001 0.7403160000000001 0.728986 0.715946 0.7001459999999999 0.6869120000000001 0.668554 0.651178 0.631768 0.612188 0.589236 0.5635800000000001 0.537424 0.512974 0.48675 0.466284 0.438144 0.40963 0.389824 0.368838 0.34866800000000003 0.333886 0.33219 0.33042200000000005 0.330692 0.331518 0.331364 0.33084399999999997 0.330826 0.331142 
0.81432 0.810668 0.806652 0.802294 0.7976340000000001 0.792318 0.787096 0.781014 0.774038 0.766938 0.759246 0.750344 0.7397720000000001 0.7270059999999999 0.714992 0.7020700000000001 0.6864640000000001 0.671552 0.650996 0.634436 0.6076860000000001 0.5896180000000001 0.5602659999999999 0.540624 0.513298 0.48643200000000003 0.461374 0.436864 0.414772 0.390218 0.36570400000000003 0.34664999999999996 0.3364 0.331356 0.331252 0.33096 0.33172399999999996 0.33154 0.330984 0.33100599999999997 0.3314 
0.814448 0.810772 0.806856 0.801952 0.7984220000000001 0.792044 0.786828 0.780884 0.774172 0.767344 0.759192 0.749284 0.741088 0.729956 0.7163160000000001 0.703142 0.687972 0.6719160000000001 0.650554 0.6307200000000001 0.610176 0.5873700000000001 0.566312 0.53675 0.512398 0.486236 0.464534 0.43725400000000003 0.41254199999999996 0.389594 0.36776600000000004 0.349454 0.33594999999999997 0.331564 0.33143 0.332402 0.330774 0.332002 0.331912 0.331392 0.331596 
0.814162 0.8103440000000001 0.806538 0.801982 0.797716 0.79302 0.787376 0.781748 0.775342 0.767062 0.7594059999999999 0.750094 0.7404339999999999 0.7292759999999999 0.716004 0.701234 0.688882 0.670224 0.652218 0.6320180000000001 0.60988 0.5874940000000001 0.563354 0.5382720000000001 0.5106 0.48749200000000004 0.461256 0.43918799999999997 0.41444400000000003 0.39146 0.367368 0.34676 0.334412 0.331536 0.330612 0.33118400000000003 0.331164 0.331324 0.33157400000000004 0.33136200000000005 0.33078399999999997 
0.814298 0.810804 0.8064819999999999 0.802416 0.7972 0.792048 0.787144 0.7810860000000001 0.7743300000000001 0.766792 0.759066 0.75003 0.739768 0.727588 0.717306 0.703044 0.6878540000000001 0.672456 0.6508120000000001 0.6321939999999999 0.612768 0.5863379999999999 0.563564 0.538594 0.512966 0.485394 0.46303 0.43687 0.41343 0.38840600000000003 0.36699 0.351058 0.33511599999999997 0.33269 0.33151400000000003 0.331026 0.33124000000000003 0.332164 0.331728 0.331816 0.33195600000000003 
0.81413 0.810772 0.80669 0.8019059999999999 0.7976420000000001 0.7925220000000001 0.7869700000000001 0.7813 0.774962 0.767282 0.7584740000000001 0.749842 0.740552 0.728306 0.717538 0.7026979999999999 0.6876059999999999 0.6697240000000001 0.653186 0.632548 0.613752 0.585812 0.56531 0.540586 0.5156660000000001 0.48637 0.46387599999999996 0.43651999999999996 0.414066 0.390112 0.369762 0.34887799999999997 0.336746 0.332716 0.332256 0.33094799999999996 0.331314 0.33161399999999996 0.331374 0.331928 0.331866 
0.8142999999999999 0.810534 0.806628 0.802458 0.798014 0.792134 0.786606 0.7812939999999999 0.774276 0.7669980000000001 0.75885 0.750188 0.740478 0.73007 0.716936 0.7047680000000001 0.68953 0.6696660000000001 0.651944 0.632202 0.610644 0.589116 0.564754 0.537882 0.514848 0.486442 0.463 0.43858199999999997 0.416324 0.391464 0.367564 0.348754 0.336872 0.33207400000000004 0.331434 0.33167 0.33186200000000005 0.33200599999999997 0.33216199999999996 0.331368 0.331598 
0.8140499999999999 0.810416 0.8071 0.802894 0.79747 0.7926960000000001 0.786344 0.781258 0.775226 0.766614 0.759138 0.751336 0.7404339999999999 0.730052 0.716328 0.7012200000000001 0.688962 0.672778 0.651574 0.6335259999999999 0.61193 0.587684 0.5646420000000001 0.539154 0.514494 0.487914 0.46405599999999997 0.43756599999999995 0.41337999999999997 0.390266 0.36843 0.34673200000000004 0.33686 0.33253 0.331406 0.332026 0.331534 0.331894 0.331312 0.330992 0.331878 
0.814056 0.810908 0.806702 0.8018419999999999 0.797516 0.792312 0.78727 0.781246 0.7747179999999999 0.7672960000000001 0.7575299999999999 0.749942 0.7383719999999999 0.7297319999999999 0.716118 0.703724 0.6877759999999999 0.671434 0.653398 0.6287119999999999 0.612568 0.588718 0.564502 0.540744 0.513894 0.487388 0.46437 0.438466 0.411978 0.39297000000000004 0.37092200000000003 0.348932 0.335812 0.332142 0.331826 0.331736 0.331758 0.331034 0.331918 0.332294 0.332304 
0.814312 0.81029 0.806496 0.802432 0.797384 0.792804 0.78704 0.781126 0.774914 0.766734 0.757732 0.75003 0.739242 0.729756 0.714986 0.703474 0.68945 0.671894 0.655586 0.635482 0.614016 0.589754 0.564628 0.5402359999999999 0.5131359999999999 0.489276 0.463822 0.43897 0.415072 0.390288 0.370298 0.34788 0.337738 0.33232999999999996 0.331866 0.33188999999999996 0.331814 0.331538 0.332 0.33234800000000003 0.33195800000000003 
0.814112 0.810704 0.8066720000000001 0.802038 0.7975800000000001 0.7930539999999999 0.7881699999999999 0.7818339999999999 0.77398 0.767242 0.7594420000000001 0.750822 0.74127 0.728982 0.7171879999999999 0.703256 0.690462 0.6703680000000001 0.655716 0.6336219999999999 0.611918 0.590154 0.564692 0.539002 0.51413 0.49099 0.46501 0.43936200000000003 0.41392 0.394562 0.370498 0.349298 0.337426 0.332598 0.333608 0.332364 0.332884 0.331716 0.33255399999999996 0.332648 0.33188799999999996 
0.814158 0.810438 0.806608 0.802924 0.79853 0.793066 0.7878440000000001 0.7812319999999999 0.775216 0.767984 0.7588060000000001 0.750794 0.7398859999999999 0.729444 0.71724 0.702626 0.689644 0.6713279999999999 0.65264 0.634 0.612668 0.587604 0.5649959999999999 0.542704 0.518814 0.488378 0.467118 0.43963 0.414296 0.394446 0.371152 0.35181 0.336928 0.333378 0.332192 0.332152 0.333248 0.332412 0.332702 0.332914 0.332486 
0.814164 0.810864 0.8065800000000001 0.802772 0.797728 0.7936960000000001 0.787858 0.781222 0.774432 0.7674160000000001 0.759648 0.749774 0.740078 0.730662 0.717872 0.7047140000000001 0.6889500000000001 0.6731739999999999 0.6545359999999999 0.6329779999999999 0.613302 0.589146 0.565012 0.545316 0.51477 0.491436 0.465824 0.44229599999999997 0.415402 0.39342 0.369088 0.351606 0.337334 0.33382999999999996 0.33244999999999997 0.333426 0.332766 0.332766 0.333714 0.33276799999999995 0.332512 
0.8142480000000001 0.810294 0.80688 0.802692 0.797968 0.79253 0.787556 0.78189 0.774524 0.7670520000000001 0.75942 0.75072 0.7404339999999999 0.7302219999999999 0.7185499999999999 0.704168 0.6902119999999999 0.67213 0.654606 0.6348440000000001 0.6121 0.5926480000000001 0.565528 0.545072 0.518028 0.489108 0.465698 0.438966 0.417596 0.394628 0.373182 0.35361200000000004 0.338502 0.33307 0.3333 0.332774 0.33374000000000004 0.333632 0.333098 0.334002 0.333476 
0.81416 0.81061 0.8068139999999999 0.802356 0.797626 0.7931159999999999 0.787686 0.7819619999999999 0.77459 0.767898 0.7593 0.7522859999999999 0.742654 0.732206 0.716814 0.70533 0.688884 0.6723899999999999 0.6532039999999999 0.6350520000000001 0.615678 0.5912459999999999 0.57059 0.5414479999999999 0.519474 0.494358 0.46844 0.44387400000000005 0.420332 0.396334 0.37557999999999997 0.353968 0.341708 0.335464 0.33538 0.33376799999999995 0.334216 0.33367399999999997 0.33368200000000003 0.334392 0.334728 
0.8142079999999999 0.81041 0.8068099999999999 0.802496 0.798202 0.793144 0.788126 0.781428 0.775314 0.768448 0.760458 0.7504059999999999 0.740688 0.729792 0.7188 0.7048719999999999 0.693134 0.6738999999999999 0.655522 0.63783 0.6160460000000001 0.5961259999999999 0.5721499999999999 0.546698 0.51928 0.498204 0.471616 0.445824 0.421274 0.400406 0.37737400000000004 0.358512 0.342414 0.337336 0.335358 0.33588999999999997 0.336254 0.33581599999999995 0.335352 0.335216 0.33551400000000003 
0.81399 0.81089 0.8072079999999999 0.802806 0.798246 0.793554 0.787984 0.7819299999999999 0.776066 0.7686040000000001 0.7601359999999999 0.752952 0.741574 0.730782 0.720822 0.707236 0.695034 0.676154 0.6612380000000001 0.643004 0.621284 0.601808 0.576546 0.553104 0.528458 0.503286 0.47747 0.453446 0.43101799999999996 0.406196 0.38414 0.362108 0.34695600000000004 0.340794 0.338714 0.338362 0.339248 0.338284 0.339538 0.338866 0.338586 
0.8143279999999999 0.810724 0.8072039999999999 0.8027839999999999 0.798596 0.7940259999999999 0.788384 0.782946 0.77635 0.769466 0.7625599999999999 0.754476 0.7460399999999999 0.7338680000000001 0.7247140000000001 0.711958 0.7 0.685686 0.66927 0.652318 0.6311559999999999 0.613092 0.5926180000000001 0.56962 0.545276 0.5241319999999999 0.49651999999999996 0.473354 0.447702 0.424584 0.400678 0.382544 0.361624 0.352176 0.348332 0.347358 0.347344 0.346714 0.34660399999999997 0.34737 0.34695600000000004 
0.9 0.9 0.9 0.9 0.9 0.9 0.9 0.9 0.9 0.9 0.9 0.9 0.9 0.9 0.9 0.9 0.9 0.9 0.9 0.9 0.9 0.9 0.9 0.9 0.9 0.9 0.9 0.9 0.9 0.9 0.9 0.9 0.9 0.9 0.9 0.9 0.9 0.9 0.9 0.9 0.9 
