0.813908 0.81109 0.80851 0.80549 0.8023819999999999 0.798858 0.795584 0.7913239999999999 0.78762 0.783024 0.77935 0.774434 0.7694160000000001 0.7640800000000001 0.758344 0.753642 0.746294 0.740066 0.7342000000000001 0.725666 0.717132 0.7077100000000001 0.6987899999999999 0.686714 0.675594 0.664948 0.650024 0.6379880000000001 0.6253139999999999 0.6108 0.594514 0.57687 0.559652 0.5409980000000001 0.520386 0.50266 0.481766 0.461488 0.443248 0.43350599999999995 0.429716 
0.813846 0.811096 0.80875 0.8057219999999999 0.8020499999999999 0.798794 0.795584 0.7916920000000001 0.7886420000000001 0.783658 0.7795259999999999 0.77473 0.7706040000000001 0.764904 0.759104 0.753888 0.7460180000000001 0.738488 0.731946 0.724668 0.716416 0.7082780000000001 0.698382 0.688658 0.676492 0.663744 0.6532680000000001 0.63938 0.624702 0.61103 0.594214 0.5777599999999999 0.560648 0.541846 0.5219239999999999 0.504648 0.481512 0.463412 0.446058 0.43453800000000004 0.42960000000000004 
0.813534 0.8113279999999999 0.808692 0.805486 0.802584 0.798716 0.794938 0.7915399999999999 0.787602 0.783856 0.779638 0.7748440000000001 0.769756 0.7645259999999999 0.759106 0.752918 0.7474160000000001 0.73846 0.73291 0.724564 0.716542 0.707496 0.698292 0.6885180000000001 0.676606 0.663814 0.653042 0.6387480000000001 0.62629 0.6098680000000001 0.595936 0.576542 0.5597880000000001 0.542632 0.524288 0.502584 0.48104399999999997 0.46189199999999997 0.44596600000000003 0.43394 0.43037000000000003 
0.8138540000000001 0.811432 0.8088200000000001 0.805874 0.8017799999999999 0.799216 0.795702 0.7915359999999999 0.7875019999999999 0.783716 0.779514 0.774156 0.768914 0.763738 0.758382 0.752644 0.746338 0.7405879999999999 0.7322540000000001 0.725568 0.7163339999999999 0.708044 0.697982 0.68724 0.677594 0.66343 0.651918 0.636948 0.622784 0.610308 0.594842 0.5776399999999999 0.560354 0.542366 0.523854 0.500684 0.48264999999999997 0.461322 0.443536 0.432548 0.43035399999999996 
0.8136760000000001 0.8111280000000001 0.8085359999999999 0.805216 0.8024519999999999 0.798836 0.795338 0.792384 0.787492 0.7832319999999999 0.779076 0.773678 0.769582 0.765516 0.758618 0.7533099999999999 0.7470800000000001 0.7393099999999999 0.7323339999999999 0.72388 0.71601 0.706466 0.698604 0.687138 0.6758759999999999 0.664612 0.653686 0.639264 0.624934 0.609852 0.591974 0.575382 0.559326 0.5406259999999999 0.52216 0.500206 0.48308999999999996 0.46059 0.441436 0.431882 0.429094 
0.8140839999999999 0.811212 0.808296 0.80503 0.802316 0.799012 0.795282 0.791104 0.788156 0.783984 0.7790819999999999 0.7735299999999999 0.7696580000000001 0.764444 0.7594719999999999 0.752892 0.74518 0.7397 0.732056 0.7253999999999999 0.715416 0.7073659999999999 0.698684 0.687744 0.67722 0.665014 0.6522680000000001 0.638966 0.625622 0.611282 0.594194 0.57894 0.559972 0.541562 0.523188 0.505006 0.481766 0.461238 0.44556 0.434202 0.430164 
0.813812 0.811042 0.8083279999999999 0.805594 0.8022039999999999 0.798706 0.7949339999999999 0.7910320000000001 0.788304 0.78361 0.779686 0.774254 0.7693519999999999 0.763828 0.758076 0.752178 0.745872 0.7388819999999999 0.7331040000000001 0.723774 0.715912 0.70798 0.69597 0.68775 0.677972 0.66571 0.65218 0.637562 0.623732 0.609836 0.59577 0.576142 0.5592699999999999 0.5404 0.523506 0.501444 0.48282400000000003 0.460248 0.442656 0.43268799999999996 0.430488 
0.814074 0.811162 0.808158 0.80528 0.802238 0.798708 0.795552 0.792 0.78755 0.783222 0.7796620000000001 0.7749360000000001 0.769498 0.765212 0.758168 0.753604 0.747422 0.739522 0.732376 0.7262419999999999 0.7158819999999999 0.707022 0.698472 0.6884239999999999 0.67529 0.665766 0.652172 0.637346 0.626178 0.609286 0.591606 0.57751 0.5581459999999999 0.54261 0.5215019999999999 0.50324 0.48154 0.462904 0.445098 0.43423 0.429878 
0.813698 0.811198 0.808432 0.805452 0.8021820000000001 0.798968 0.7958339999999999 0.7918999999999999 0.7878959999999999 0.783326 0.779198 0.7748780000000001 0.769532 0.76403 0.758914 0.753178 0.747128 0.7403339999999999 0.731432 0.724592 0.7166319999999999 0.7077519999999999 0.696308 0.68861 0.674352 0.665 0.652602 0.638848 0.623804 0.608666 0.593748 0.579222 0.5582039999999999 0.540942 0.5193300000000001 0.500508 0.481 0.45852 0.44364600000000004 0.433496 0.430428 
0.813666 0.8109500000000001 0.8083319999999999 0.804766 0.8021699999999999 0.798396 0.795068 0.79152 0.787924 0.7831520000000001 0.778848 0.775166 0.7689819999999999 0.764952 0.75791 0.7534740000000001 0.74687 0.739754 0.7332960000000001 0.7238859999999999 0.71699 0.707822 0.699542 0.688256 0.676994 0.665732 0.650164 0.6391319999999999 0.624096 0.6095839999999999 0.5956739999999999 0.5768719999999999 0.5583619999999999 0.5397000000000001 0.519474 0.50114 0.479982 0.45711399999999996 0.44303 0.432924 0.429464 
0.813812 0.8109740000000001 0.808172 0.805142 0.801868 0.7992999999999999 0.795036 0.79146 0.788224 0.783436 0.779274 0.774912 0.769926 0.7649400000000001 0.759776 0.753092 0.747488 0.7399020000000001 0.730904 0.724672 0.715696 0.70805 0.69645 0.687958 0.677786 0.665284 0.652342 0.638912 0.6251599999999999 0.606144 0.59235 0.5778880000000001 0.5602419999999999 0.538924 0.521386 0.502588 0.481764 0.459536 0.44356599999999996 0.432256 0.429526 
0.813804 0.8110940000000001 0.80816 0.805624 0.80223 0.7994 0.794988 0.7918099999999999 0.787686 0.7838440000000001 0.7792039999999999 0.774402 0.76995 0.7638339999999999 0.7588339999999999 0.751872 0.746422 0.739146 0.731394 0.725582 0.7162200000000001 0.708832 0.6980919999999999 0.687962 0.674304 0.6638200000000001 0.6526799999999999 0.638542 0.62585 0.610298 0.594168 0.579356 0.559556 0.5423279999999999 0.521126 0.504598 0.48308 0.46573200000000003 0.44448200000000004 0.433496 0.429622 
0.813712 0.810918 0.808454 0.804978 0.80213 0.798856 0.7952480000000001 0.792374 0.787708 0.784126 0.779376 0.77488 0.769784 0.76538 0.758524 0.7531100000000001 0.7471180000000001 0.7408899999999999 0.7337039999999999 0.724606 0.718468 0.7083379999999999 0.697606 0.687748 0.6802720000000001 0.6655760000000001 0.653532 0.639422 0.62626 0.610484 0.594234 0.576842 0.561778 0.543068 0.5203139999999999 0.5033380000000001 0.482336 0.46337 0.445058 0.434114 0.430462 
0.8135739999999999 0.811092 0.808234 0.805534 0.8021079999999999 0.79899 0.795304 0.791818 0.787528 0.783966 0.779476 0.77477 0.7694719999999999 0.764334 0.7598039999999999 0.75205 0.747502 0.74058 0.7327400000000001 0.724788 0.715624 0.705412 0.6993959999999999 0.688286 0.676418 0.664514 0.652892 0.63976 0.6254 0.609216 0.5923039999999999 0.5764779999999999 0.5603940000000001 0.539288 0.5205420000000001 0.5021019999999999 0.48144400000000004 0.46224 0.44593 0.432318 0.430102 
0.813626 0.810866 0.808294 0.805466 0.8019059999999999 0.7983 0.79541 0.79207 0.787702 0.783574 0.779766 0.774456 0.769292 0.7643 0.7586280000000001 0.752874 0.746152 0.739432 0.731958 0.724776 0.717252 0.707874 0.698696 0.687474 0.6778139999999999 0.6652480000000001 0.652284 0.6401079999999999 0.6253540000000001 0.6093780000000001 0.593048 0.57678 0.557932 0.54369 0.522572 0.502054 0.483038 0.460728 0.445412 0.434596 0.43093400000000004 
0.813744 0.810742 0.808256 0.805102 0.80231 0.7987380000000001 0.79535 0.790658 0.7873020000000001 0.78352 0.778676 0.774436 0.769612 0.76459 0.75958 0.7536799999999999 0.747162 0.739826 0.733778 0.7245320000000001 0.717816 0.708102 0.699016 0.6889400000000001 0.6769 0.664512 0.652778 0.638848 0.624788 0.613062 0.595314 0.578558 0.562534 0.5399980000000001 0.52365 0.502036 0.48425599999999996 0.46322399999999997 0.44584199999999996 0.43403800000000003 0.432342 
0.813666 0.811044 0.808028 0.8052279999999999 0.801612 0.798466 0.795062 0.79175 0.78785 0.783218 0.7784880000000001 0.7744 0.769984 0.764138 0.7585599999999999 0.7514400000000001 0.74787 0.7401639999999999 0.732212 0.723358 0.716708 0.707448 0.698816 0.68847 0.677962 0.6658 0.6556040000000001 0.6384500000000001 0.625466 0.6107319999999999 0.59662 0.581076 0.562076 0.5429660000000001 0.523952 0.504854 0.484514 0.46476 0.446346 0.435346 0.43117 
0.81401 0.810806 0.808116 0.805246 0.801886 0.79801 0.7950900000000001 0.7910839999999999 0.78798 0.783194 0.778988 0.7747 0.769244 0.764432 0.75927 0.753764 0.746616 0.741308 0.732818 0.7254299999999999 0.717208 0.707228 0.698834 0.687644 0.678018 0.6674840000000001 0.6531520000000001 0.64005 0.624754 0.613812 0.5949840000000001 0.57925 0.564142 0.544072 0.524336 0.505862 0.483528 0.46358 0.443332 0.43389999999999995 0.430794 
0.8135439999999999 0.811006 0.80823 0.8049059999999999 0.802138 0.79875 0.7956019999999999 0.7916920000000001 0.7872039999999999 0.783908 0.779842 0.7738780000000001 0.76881 0.763788 0.7584339999999999 0.7523200000000001 0.747696 0.740522 0.7318680000000001 0.7243719999999999 0.71796 0.7077680000000001 0.698938 0.686702 0.67737 0.666034 0.6544800000000001 0.63861 0.623788 0.611904 0.59385 0.580258 0.561446 0.541748 0.52473 0.5041720000000001 0.482814 0.463234 0.444386 0.43552199999999996 0.429568 
0.8134560000000001 0.810986 0.80837 0.80502 0.802092 0.799176 0.7951900000000001 0.791136 0.78762 0.783482 0.77986 0.7754220000000001 0.769836 0.7639400000000001 0.75925 0.753644 0.747192 0.7410140000000001 0.731954 0.72576 0.717562 0.7073379999999999 0.699978 0.6890320000000001 0.678918 0.666128 0.655698 0.64212 0.626224 0.6120119999999999 0.5957060000000001 0.579466 0.5626019999999999 0.54616 0.520642 0.505896 0.48506 0.46094799999999997 0.44756599999999996 0.434346 0.429916 
0.8134239999999999 0.810966 0.8079700000000001 0.805286 0.80201 0.7986960000000001 0.795894 0.791166 0.786934 0.783674 0.7792680000000001 0.774002 0.77037 0.76406 0.759488 0.7537480000000001 0.7465040000000001 0.740384 0.732878 0.724356 0.718208 0.708052 0.699644 0.689822 0.678354 0.667706 0.65495 0.641586 0.627518 0.61293 0.59511 0.581838 0.564498 0.545732 0.52532 0.505148 0.486582 0.46560199999999996 0.444624 0.434778 0.431462 
0.8136180000000001 0.811064 0.808098 0.805028 0.801608 0.798862 0.795394 0.791474 0.788092 0.7837799999999999 0.778632 0.774122 0.769846 0.764876 0.759616 0.7539 0.747174 0.740244 0.733078 0.725834 0.7163440000000001 0.708712 0.698056 0.69124 0.679178 0.668962 0.653682 0.6442060000000001 0.628992 0.613512 0.596222 0.580696 0.564924 0.5461900000000001 0.52607 0.505962 0.486802 0.466134 0.449112 0.43625200000000003 0.43098200000000003 
0.813634 0.8110620000000001 0.807486 0.805432 0.8021739999999999 0.7989360000000001 0.795122 0.791432 0.7875979999999999 0.783498 0.7798200000000001 0.774486 0.77024 0.7644500000000001 0.75866 0.753144 0.747542 0.7411040000000001 0.734758 0.726346 0.718932 0.708408 0.700982 0.691766 0.680744 0.669134 0.654018 0.64336 0.62906 0.615452 0.60039 0.58121 0.5669959999999999 0.54991 0.530384 0.508808 0.488214 0.46956 0.448552 0.437886 0.433256 
0.8135359999999999 0.810832 0.8079120000000001 0.805068 0.802158 0.798862 0.7953060000000001 0.7914840000000001 0.787886 0.783492 0.778492 0.774716 0.7692319999999999 0.764294 0.759808 0.753598 0.747212 0.741866 0.734462 0.726106 0.71917 0.7096359999999999 0.700652 0.691272 0.681592 0.667928 0.657572 0.644894 0.631574 0.615548 0.602452 0.585074 0.5659160000000001 0.5492 0.5330839999999999 0.510046 0.48926 0.471054 0.452774 0.437406 0.43355200000000005 
0.813604 0.810704 0.8077179999999999 0.804946 0.8017340000000001 0.798898 0.795494 0.791156 0.78703 0.783634 0.779408 0.774732 0.7690499999999999 0.764946 0.75863 0.7528400000000001 0.746874 0.740116 0.734424 0.726274 0.7178260000000001 0.710646 0.7010019999999999 0.690878 0.682006 0.6702279999999999 0.657772 0.645802 0.63244 0.613796 0.602782 0.5835499999999999 0.568858 0.55023 0.529408 0.51039 0.4914 0.471988 0.450918 0.439554 0.432838 
0.81348 0.8110539999999999 0.807794 0.80533 0.80177 0.798672 0.795202 0.791676 0.787904 0.7834220000000001 0.7798099999999999 0.775374 0.7696620000000001 0.764848 0.7579980000000001 0.754424 0.748414 0.7433 0.733936 0.728158 0.7177279999999999 0.711208 0.7010660000000001 0.694452 0.6820620000000001 0.6723020000000001 0.6588780000000001 0.646224 0.632482 0.617874 0.6047440000000001 0.588062 0.57382 0.552542 0.534538 0.515122 0.494464 0.47512 0.45355 0.441848 0.43524599999999997 
0.813838 0.811132 0.808318 0.805106 0.80206 0.798852 0.7953600000000001 0.79152 0.787222 0.783752 0.7787200000000001 0.7751079999999999 0.76993 0.7646280000000001 0.758918 0.75405 0.748622 0.741052 0.7347659999999999 0.727136 0.7183200000000001 0.71014 0.701746 0.692006 0.682648 0.6715420000000001 0.659996 0.6486280000000001 0.636358 0.621884 0.6056180000000001 0.592408 0.5753440000000001 0.555472 0.535854 0.51605 0.49911 0.477154 0.456442 0.44077 0.436198 
0.813496 0.8106599999999999 0.80801 0.805236 0.801988 0.798482 0.794986 0.791452 0.788078 0.783346 0.780084 0.7754840000000001 0.770434 0.765948 0.759912 0.75393 0.74849 0.740856 0.735614 0.727692 0.72012 0.7115779999999999 0.7045220000000001 0.693986 0.684118 0.671034 0.662062 0.652908 0.6361180000000001 0.623556 0.607582 0.5918260000000001 0.5755220000000001 0.559552 0.540142 0.520898 0.502494 0.479594 0.46111599999999997 0.44386200000000003 0.43765 
0.81339 0.810908 0.807904 0.804882 0.801928 0.7982659999999999 0.795316 0.7912659999999999 0.787646 0.784428 0.778854 0.774422 0.770192 0.765124 0.760536 0.754004 0.7482859999999999 0.7420359999999999 0.7361 0.727998 0.7204400000000001 0.713024 0.7037519999999999 0.6938 0.686338 0.674676 0.662726 0.648768 0.637634 0.625112 0.61029 0.5947619999999999 0.5789 0.5625739999999999 0.545136 0.52581 0.5031519999999999 0.482686 0.464468 0.446268 0.440442 
0.81369 0.8106359999999999 0.808142 0.805158 0.802034 0.798254 0.7949919999999999 0.79135 0.787654 0.784128 0.779402 0.775534 0.770516 0.766258 0.7594120000000001 0.7551979999999999 0.74833 0.742846 0.736404 0.7292219999999999 0.719838 0.714112 0.704624 0.696422 0.684856 0.675508 0.6665420000000001 0.6536660000000001 0.6401720000000001 0.62664 0.6138279999999999 0.5967960000000001 0.580926 0.566422 0.5459120000000001 0.52825 0.508062 0.48639 0.468826 0.45084199999999996 0.441178 
0.813764 0.81074 0.808116 0.804886 0.801962 0.798772 0.794864 0.791468 0.787832 0.783346 0.7801079999999999 0.7753819999999999 0.770112 0.766796 0.7599779999999999 0.75402 0.749084 0.7430180000000001 0.736494 0.72949 0.722962 0.714504 0.706044 0.696232 0.687708 0.676452 0.666802 0.6551079999999999 0.642702 0.630302 0.61749 0.600634 0.584634 0.570438 0.551086 0.532302 0.510708 0.492936 0.473514 0.452954 0.44477 
0.813524 0.8110299999999999 0.8079339999999999 0.80501 0.801756 0.7988780000000001 0.7948160000000001 0.79142 0.78801 0.784336 0.780234 0.77543 0.770946 0.766366 0.76097 0.754914 0.749992 0.743684 0.736198 0.728676 0.721716 0.716624 0.7066140000000001 0.696032 0.68622 0.6780259999999999 0.66815 0.656664 0.6430220000000001 0.6307999999999999 0.61853 0.603346 0.588222 0.5703959999999999 0.5552720000000001 0.53465 0.5149239999999999 0.49613 0.476362 0.459078 0.446596 
0.813494 0.810772 0.8077519999999999 0.8047839999999999 0.801256 0.79884 0.794944 0.791128 0.788288 0.784424 0.780018 0.77647 0.7702 0.76606 0.760928 0.7559400000000001 0.749082 0.744304 0.736696 0.729746 0.723108 0.7144020000000001 0.7067619999999999 0.69836 0.6907559999999999 0.6790700000000001 0.66883 0.6564260000000001 0.6449900000000001 0.6331760000000001 0.620838 0.6072540000000001 0.593222 0.576864 0.5589740000000001 0.542356 0.518046 0.502436 0.481664 0.46248 0.451304 
0.813082 0.810948 0.807578 0.80479 0.801868 0.79877 0.795282 0.791654 0.78825 0.7837759999999999 0.779912 0.775846 0.77125 0.7665080000000001 0.761192 0.756352 0.7504740000000001 0.7445940000000001 0.7394400000000001 0.7308600000000001 0.7235280000000001 0.7178920000000001 0.7098260000000001 0.701116 0.6924 0.682212 0.6743899999999999 0.662596 0.6505299999999999 0.637482 0.622706 0.614286 0.5975839999999999 0.580382 0.5662419999999999 0.551192 0.533576 0.512852 0.493716 0.47150400000000003 0.45773 
0.813312 0.810622 0.80796 0.805256 0.801728 0.798482 0.795388 0.79198 0.787674 0.783926 0.779762 0.776162 0.7719779999999999 0.766254 0.761338 0.756178 0.751772 0.7438819999999999 0.738286 0.732448 0.725446 0.717712 0.7109800000000001 0.702546 0.692428 0.684508 0.674952 0.663866 0.651086 0.641356 0.629092 0.61507 0.6007680000000001 0.5858239999999999 0.570036 0.55524 0.533446 0.514436 0.495302 0.477254 0.463214 
0.8132480000000001 0.810476 0.807742 0.8057960000000001 0.801526 0.798568 0.795172 0.791492 0.788022 0.7844880000000001 0.779774 0.77544 0.77164 0.76687 0.762892 0.756386 0.7516499999999999 0.745244 0.738108 0.73294 0.7268680000000001 0.71842 0.7121000000000001 0.702856 0.695376 0.687072 0.67711 0.666532 0.655654 0.643562 0.632764 0.619034 0.6057100000000001 0.5881219999999999 0.5750080000000001 0.557914 0.538098 0.518832 0.50099 0.48221600000000003 0.46604399999999996 
0.81343 0.810688 0.807808 0.8048200000000001 0.80192 0.798618 0.795736 0.79232 0.788746 0.783934 0.780018 0.775934 0.77179 0.767558 0.762422 0.757058 0.752558 0.7456699999999999 0.7395539999999999 0.734176 0.725796 0.719302 0.7124640000000001 0.7037920000000001 0.695988 0.6874439999999999 0.677768 0.669206 0.659446 0.646784 0.636158 0.622108 0.608368 0.598442 0.579986 0.5660839999999999 0.547014 0.532978 0.512718 0.492276 0.47486399999999995 
0.8132419999999999 0.810608 0.8076639999999999 0.80453 0.801884 0.79872 0.7953819999999999 0.7916420000000001 0.788826 0.78486 0.7801 0.776884 0.772096 0.766892 0.762158 0.757636 0.752936 0.746966 0.7401 0.7351660000000001 0.727606 0.72148 0.714286 0.706842 0.698374 0.69109 0.6802720000000001 0.6730119999999999 0.659674 0.651972 0.639668 0.626108 0.616268 0.602696 0.5901040000000001 0.572966 0.5566760000000001 0.540052 0.524164 0.507166 0.48533 
0.813392 0.8106359999999999 0.8075359999999999 0.805188 0.8021240000000001 0.7988500000000001 0.7956 0.7921079999999999 0.788708 0.784222 0.781092 0.776586 0.77177 0.768024 0.763084 0.757408 0.752984 0.7482519999999999 0.7422920000000001 0.736148 0.730264 0.723798 0.716488 0.710392 0.701612 0.693086 0.684686 0.674684 0.666222 0.6578999999999999 0.646556 0.633382 0.62295 0.6104980000000001 0.597636 0.586322 0.569194 0.550038 0.538868 0.519402 0.5025040000000001 
0.813126 0.81043 0.8079160000000001 0.8047759999999999 0.801578 0.799256 0.7958780000000001 0.791824 0.788332 0.784612 0.780926 0.7764719999999999 0.773044 0.7686459999999999 0.762562 0.75814 0.753092 0.7493 0.742096 0.736808 0.731148 0.724424 0.719228 0.711586 0.70488 0.695664 0.6881 0.6812079999999999 0.671836 0.6595359999999999 0.64965 0.640498 0.62974 0.618436 0.6041 0.593692 0.580244 0.564646 0.549082 0.533156 0.515462 
0.813484 0.810502 0.807976 0.804862 0.80179 0.798774 0.7955059999999999 0.792418 0.788726 0.78514 0.781182 0.7771 0.773384 0.76858 0.76347 0.759064 0.7540979999999999 0.749914 0.743352 0.737816 0.7319479999999999 0.727078 0.7180599999999999 0.713342 0.7047859999999999 0.6984880000000001 0.690352 0.6835800000000001 0.672886 0.665672 0.65627 0.64363 0.6367820000000001 0.624896 0.615066 0.60285 0.5900059999999999 0.577112 0.5620700000000001 0.547812 0.532304 
