0.815452 0.812096 0.808372 0.803802 0.8000940000000001 0.795004 0.789338 0.784276 0.77749 0.771082 0.76405 0.755414 0.7460119999999999 0.734752 0.726982 0.71428 0.701354 0.6870620000000001 0.6710499999999999 0.655648 0.638816 0.6200359999999999 0.6000599999999999 0.58123 0.55845 0.53616 0.51628 0.49374799999999996 0.47639600000000004 0.456226 0.43576 0.415746 0.399932 0.381884 0.37274799999999997 0.367002 0.367466 0.366948 0.366162 0.36589 0.367772 
0.815114 0.811706 0.808 0.803856 0.799574 0.794404 0.790402 0.783518 0.777904 0.770528 0.7639779999999999 0.755818 0.747062 0.736458 0.727286 0.713486 0.70285 0.688122 0.672114 0.65697 0.6397820000000001 0.6181660000000001 0.598634 0.58041 0.559494 0.537434 0.516992 0.494596 0.475056 0.456822 0.43757 0.41576799999999997 0.3993 0.383858 0.37177 0.366968 0.366712 0.366656 0.366442 0.366462 0.36732 
0.8152200000000001 0.8116359999999999 0.8081119999999999 0.804106 0.7998 0.794698 0.789808 0.784552 0.777322 0.770694 0.764374 0.756262 0.746032 0.736078 0.72604 0.714192 0.702058 0.68877 0.674268 0.654926 0.640308 0.6226799999999999 0.60282 0.578874 0.561294 0.537558 0.519372 0.495244 0.477006 0.456978 0.435214 0.41881599999999997 0.40232 0.384154 0.372408 0.370382 0.36801 0.367116 0.367418 0.36768 0.367628 
0.8153239999999999 0.811922 0.8080320000000001 0.803754 0.799558 0.795374 0.7904220000000001 0.784328 0.7781520000000001 0.77071 0.7632519999999999 0.75675 0.746134 0.737188 0.7274619999999999 0.714502 0.703072 0.6892 0.673024 0.656856 0.6387039999999999 0.620874 0.5997060000000001 0.579986 0.5624439999999999 0.5406219999999999 0.5198780000000001 0.498904 0.475584 0.45705399999999996 0.439152 0.41923200000000005 0.40173200000000003 0.385348 0.373198 0.368714 0.36775599999999997 0.368576 0.368674 0.36832 0.36812599999999995 
0.815256 0.8115979999999999 0.808126 0.803868 0.800056 0.794706 0.789798 0.783944 0.7776259999999999 0.771934 0.764576 0.7557240000000001 0.7474400000000001 0.737184 0.726426 0.7151559999999999 0.7004880000000001 0.687566 0.6714779999999999 0.656512 0.6396580000000001 0.6222580000000001 0.602096 0.581544 0.559674 0.5396620000000001 0.519554 0.4993 0.4789 0.45911799999999997 0.441396 0.4215 0.402628 0.38690800000000003 0.37363799999999997 0.370196 0.36897199999999997 0.36845999999999995 0.367834 0.36812599999999995 0.36836 
0.815342 0.811962 0.808064 0.804216 0.7997380000000001 0.794798 0.79027 0.783464 0.777778 0.770892 0.76475 0.756158 0.746484 0.737876 0.72604 0.7145819999999999 0.7029059999999999 0.689776 0.673636 0.6566660000000001 0.6389400000000001 0.62454 0.600582 0.581638 0.560794 0.54152 0.5214460000000001 0.5014460000000001 0.48031599999999997 0.459686 0.441222 0.422822 0.40461 0.386738 0.375112 0.370448 0.368622 0.36918599999999996 0.369172 0.36881 0.368818 
0.815322 0.811418 0.80857 0.8045 0.799986 0.79477 0.79 0.784358 0.77761 0.77239 0.76506 0.7564099999999999 0.7469880000000001 0.7364919999999999 0.727916 0.7156399999999999 0.701914 0.6885979999999999 0.674572 0.656806 0.6425019999999999 0.623942 0.601664 0.5820299999999999 0.563064 0.542018 0.521886 0.501462 0.48092399999999996 0.462646 0.438652 0.42144600000000004 0.406454 0.387516 0.37525400000000003 0.370734 0.36888 0.369634 0.369984 0.36903199999999997 0.369268 
0.815246 0.812014 0.808342 0.804064 0.799936 0.794774 0.789968 0.7843 0.779464 0.771882 0.76451 0.7569600000000001 0.747786 0.7384 0.726686 0.71489 0.702214 0.689178 0.671662 0.657926 0.64106 0.619892 0.602222 0.585862 0.564134 0.542806 0.522462 0.500324 0.480286 0.46023200000000003 0.441974 0.42482 0.40508 0.389524 0.37544 0.37205 0.369904 0.369694 0.369632 0.370498 0.37000599999999995 
0.815414 0.8120320000000001 0.807866 0.804092 0.800584 0.79552 0.7902440000000001 0.7844779999999999 0.7784260000000001 0.77107 0.7647039999999999 0.7565940000000001 0.747026 0.7373719999999999 0.7280420000000001 0.7165779999999999 0.70417 0.689828 0.674246 0.660616 0.64135 0.623116 0.605484 0.5845739999999999 0.56431 0.546894 0.522408 0.503506 0.482968 0.46354199999999995 0.443892 0.42375599999999997 0.40662 0.389646 0.377984 0.371866 0.371162 0.370172 0.37037 0.370244 0.370756 
0.815222 0.8121860000000001 0.808192 0.804052 0.799614 0.794942 0.79023 0.78504 0.778098 0.771726 0.76387 0.7565599999999999 0.747402 0.737758 0.728236 0.716074 0.70333 0.6906019999999999 0.674948 0.6584800000000001 0.640432 0.6251639999999999 0.6050059999999999 0.5857960000000001 0.566302 0.54535 0.524476 0.504866 0.48623200000000005 0.4642 0.444162 0.428572 0.408708 0.392874 0.379604 0.373158 0.372222 0.371634 0.37144600000000005 0.371256 0.372166 
0.815384 0.8122480000000001 0.808226 0.8045140000000001 0.79996 0.79439 0.790064 0.784672 0.778464 0.772306 0.764652 0.755934 0.746032 0.7387999999999999 0.727402 0.71565 0.70262 0.6885359999999999 0.676928 0.6576839999999999 0.644278 0.623538 0.605932 0.587204 0.567776 0.546318 0.524154 0.50437 0.48654000000000003 0.465238 0.444972 0.42805200000000004 0.40974400000000005 0.391226 0.379266 0.373532 0.37309 0.37212799999999996 0.37229399999999996 0.37124599999999996 0.371836 
0.81557 0.811986 0.808046 0.804542 0.7998 0.794866 0.790098 0.784956 0.778898 0.772362 0.764922 0.755994 0.74879 0.7378920000000001 0.7271299999999999 0.717022 0.7046760000000001 0.689778 0.67516 0.660702 0.644324 0.62583 0.6106480000000001 0.5901799999999999 0.5671660000000001 0.547818 0.528346 0.507748 0.48666000000000004 0.466908 0.448182 0.43056 0.412164 0.394466 0.38057 0.374724 0.37326 0.37329399999999996 0.373512 0.373394 0.373424 
0.815466 0.8119460000000001 0.808452 0.805042 0.8001180000000001 0.795076 0.790256 0.7844099999999999 0.7794800000000001 0.7722279999999999 0.764586 0.757522 0.7485259999999999 0.7384120000000001 0.7290599999999999 0.717044 0.704078 0.691696 0.676176 0.658574 0.64155 0.6237140000000001 0.6091319999999999 0.587814 0.567844 0.5467519999999999 0.529482 0.506752 0.488514 0.46838 0.449316 0.430388 0.412158 0.395296 0.381556 0.37529399999999996 0.37329399999999996 0.37287400000000004 0.374064 0.37342000000000003 0.37251 
0.815634 0.812412 0.808276 0.804172 0.79977 0.795788 0.790184 0.78542 0.77806 0.7724439999999999 0.7647079999999999 0.7579400000000001 0.7495599999999999 0.739074 0.728656 0.716144 0.70409 0.689864 0.677498 0.6618780000000001 0.645154 0.62658 0.60942 0.5883619999999999 0.569286 0.547876 0.527898 0.509606 0.489408 0.470282 0.44941000000000003 0.43124599999999996 0.41370999999999997 0.394128 0.382454 0.376158 0.37513799999999997 0.373928 0.37382 0.37364600000000003 0.37383 
0.815326 0.812022 0.808134 0.804298 0.80027 0.795394 0.790388 0.7849640000000001 0.77865 0.772524 0.765298 0.757024 0.74839 0.7392759999999999 0.72714 0.7185320000000001 0.70594 0.6915180000000001 0.67625 0.660338 0.64352 0.626418 0.609424 0.588492 0.5679420000000001 0.55053 0.529438 0.509962 0.491444 0.47231799999999996 0.453094 0.43230399999999997 0.415272 0.39982999999999996 0.384916 0.377182 0.375386 0.375244 0.37521 0.374606 0.37557799999999997 
0.8154199999999999 0.812072 0.8082659999999999 0.804118 0.800474 0.795354 0.790924 0.78501 0.778606 0.77139 0.764378 0.7577619999999999 0.748878 0.740038 0.728494 0.716066 0.705736 0.69345 0.675298 0.664326 0.6461979999999999 0.630942 0.607336 0.59087 0.570446 0.553494 0.53159 0.513484 0.491278 0.470804 0.45344999999999996 0.43445 0.41677800000000004 0.397236 0.38498200000000005 0.377064 0.37604000000000004 0.375402 0.37492200000000003 0.374904 0.374928 
0.815782 0.811928 0.8084260000000001 0.804582 0.800724 0.795212 0.7902140000000001 0.7844 0.779962 0.771672 0.765124 0.757576 0.748878 0.738774 0.729654 0.717974 0.706268 0.6919679999999999 0.67936 0.6619700000000001 0.64493 0.629088 0.609406 0.592028 0.570064 0.55349 0.5338339999999999 0.514324 0.491996 0.47456 0.45538999999999996 0.437102 0.41997 0.401178 0.38766199999999995 0.379746 0.37629399999999996 0.37676 0.37555 0.376438 0.375348 
0.815496 0.8122659999999999 0.808446 0.8047920000000001 0.800534 0.796088 0.790504 0.785314 0.779332 0.7732140000000001 0.765612 0.757974 0.7485700000000001 0.7405700000000001 0.728716 0.718084 0.7059740000000001 0.6915979999999999 0.679156 0.665826 0.6493239999999999 0.629958 0.612074 0.593 0.572776 0.5518460000000001 0.534412 0.514784 0.496284 0.472572 0.457454 0.43937200000000004 0.41821800000000003 0.402296 0.387182 0.379996 0.376672 0.376324 0.37586 0.376726 0.376782 
0.815206 0.812318 0.8087300000000001 0.8047759999999999 0.80076 0.7958099999999999 0.790344 0.7859980000000001 0.779576 0.771956 0.7652140000000001 0.757984 0.749342 0.740304 0.729846 0.718092 0.707302 0.69431 0.6794 0.664298 0.648706 0.630838 0.611804 0.593506 0.57624 0.5545800000000001 0.535384 0.512932 0.49431400000000003 0.475058 0.457334 0.439776 0.419464 0.40353 0.390548 0.38073599999999996 0.377152 0.37750799999999995 0.377302 0.378132 0.37779399999999996 
0.815746 0.812316 0.808366 0.8048 0.800486 0.79602 0.79147 0.784764 0.779524 0.772992 0.765706 0.756664 0.750174 0.740148 0.730084 0.719062 0.7079500000000001 0.694062 0.6804779999999999 0.6648440000000001 0.64854 0.632808 0.6130180000000001 0.594244 0.575404 0.558114 0.538728 0.5175 0.49792200000000003 0.477918 0.457544 0.44159 0.422986 0.406056 0.392164 0.382404 0.379226 0.37854000000000004 0.37809 0.37851799999999997 0.37872 
0.815688 0.8121240000000001 0.808778 0.804926 0.800246 0.795772 0.7910539999999999 0.786198 0.779924 0.772442 0.766222 0.7580119999999999 0.750564 0.7395280000000001 0.729088 0.719976 0.7069439999999999 0.6941900000000001 0.679418 0.6641480000000001 0.649314 0.63382 0.6146159999999999 0.596538 0.575864 0.559106 0.53852 0.51677 0.501234 0.47767000000000004 0.46386 0.443984 0.426282 0.40742399999999995 0.39403 0.38329599999999997 0.379954 0.380062 0.379368 0.379986 0.379378 
0.816006 0.812296 0.809156 0.804554 0.800072 0.796428 0.79067 0.785944 0.778934 0.7726459999999999 0.767098 0.7587999999999999 0.748674 0.739084 0.7310460000000001 0.7194980000000001 0.709314 0.696744 0.681702 0.665726 0.652732 0.633842 0.61491 0.599102 0.578964 0.5605 0.541332 0.520106 0.502486 0.480734 0.462394 0.447224 0.427848 0.410926 0.39452800000000005 0.385878 0.38175400000000004 0.379634 0.38049400000000005 0.380882 0.380002 
0.815882 0.8126680000000001 0.80844 0.804714 0.8004479999999999 0.7958139999999999 0.791162 0.7857759999999999 0.7804139999999999 0.77376 0.767236 0.75935 0.750542 0.7410460000000001 0.730814 0.720602 0.7104360000000001 0.695564 0.683118 0.665846 0.652772 0.6348060000000001 0.614236 0.5997680000000001 0.581958 0.5629299999999999 0.54089 0.5237820000000001 0.504456 0.48647 0.46591000000000005 0.44814 0.42882400000000004 0.415144 0.396246 0.386832 0.381404 0.38162 0.382702 0.38162599999999997 0.380828 
0.815882 0.812508 0.809314 0.80501 0.80072 0.79663 0.79104 0.78584 0.779824 0.774302 0.7659600000000001 0.760094 0.750184 0.741242 0.732894 0.719346 0.7097619999999999 0.697882 0.681886 0.665756 0.652552 0.635346 0.616324 0.599524 0.5807380000000001 0.563296 0.542738 0.5230159999999999 0.505344 0.485016 0.46755399999999997 0.44790800000000003 0.42831 0.41404599999999997 0.397582 0.38744999999999996 0.38396600000000003 0.382762 0.38222 0.383 0.382258 
0.815932 0.812308 0.808714 0.805 0.8002279999999999 0.79677 0.790514 0.7857459999999999 0.78087 0.7735460000000001 0.766794 0.7597039999999999 0.751186 0.741398 0.731192 0.720784 0.7103440000000001 0.69697 0.68356 0.66832 0.6534840000000001 0.6373920000000001 0.617804 0.601048 0.5840460000000001 0.563472 0.546252 0.527158 0.5054420000000001 0.489176 0.467518 0.449218 0.43409 0.41736599999999996 0.399634 0.388936 0.385032 0.383316 0.384084 0.38350599999999996 0.382616 
0.816222 0.812264 0.808982 0.8054779999999999 0.800418 0.796404 0.7911 0.7858740000000001 0.778922 0.774418 0.766696 0.759294 0.751734 0.7438859999999999 0.733876 0.721854 0.709792 0.699346 0.683498 0.6713239999999999 0.654524 0.637904 0.6246280000000001 0.606382 0.58324 0.567404 0.54848 0.5288579999999999 0.5122340000000001 0.489724 0.47301 0.45248 0.436606 0.41869999999999996 0.40343599999999996 0.392652 0.38636200000000004 0.38583999999999996 0.384778 0.383284 0.384382 
0.81588 0.812844 0.809432 0.805492 0.800672 0.796442 0.79125 0.786764 0.78001 0.775244 0.767852 0.7601559999999999 0.752514 0.742348 0.7340220000000001 0.72339 0.711958 0.69835 0.686914 0.670492 0.655394 0.639558 0.6224500000000001 0.6066520000000001 0.5855220000000001 0.567474 0.54937 0.531314 0.51046 0.49244600000000005 0.47654399999999997 0.45592200000000005 0.437664 0.420332 0.407526 0.39288799999999996 0.387238 0.38658 0.38587400000000005 0.385894 0.38596600000000003 
0.8162780000000001 0.81288 0.809156 0.80549 0.801342 0.796678 0.792736 0.7865639999999999 0.7808999999999999 0.774624 0.76804 0.760206 0.7532279999999999 0.743386 0.733894 0.7232240000000001 0.7114320000000001 0.7004880000000001 0.688136 0.672806 0.6568099999999999 0.643232 0.626328 0.6086459999999999 0.590858 0.5731459999999999 0.553806 0.535222 0.515436 0.49574599999999996 0.477834 0.460946 0.44275200000000003 0.42709600000000003 0.409746 0.396104 0.38935000000000003 0.38762599999999997 0.387514 0.387612 0.38741000000000003 
0.816192 0.8127880000000001 0.8095180000000001 0.806114 0.801202 0.796876 0.792344 0.787554 0.781474 0.7748700000000001 0.76878 0.760608 0.75218 0.743364 0.734136 0.724148 0.7132000000000001 0.701264 0.68826 0.673694 0.659034 0.644124 0.628876 0.609622 0.591438 0.572928 0.5546939999999999 0.533554 0.5186839999999999 0.499992 0.482238 0.46262400000000004 0.44542000000000004 0.429688 0.411726 0.39860399999999996 0.391198 0.38944799999999996 0.389374 0.38952 0.38925400000000004 
0.81656 0.8129919999999999 0.809384 0.80583 0.801458 0.79722 0.79198 0.786466 0.782304 0.7745059999999999 0.76902 0.761084 0.753254 0.744004 0.7355320000000001 0.724694 0.715558 0.7009099999999999 0.6902119999999999 0.677892 0.661404 0.647038 0.6299980000000001 0.612792 0.5949099999999999 0.578662 0.558508 0.5418959999999999 0.52108 0.50193 0.485704 0.46688 0.448552 0.431924 0.414332 0.40314999999999995 0.3942 0.390972 0.391618 0.39119 0.39011 
0.81602 0.813174 0.809708 0.805932 0.80147 0.796856 0.7932100000000001 0.78784 0.781026 0.776276 0.769812 0.761836 0.754634 0.746338 0.735056 0.7260420000000001 0.715406 0.704526 0.692564 0.678762 0.6619980000000001 0.647042 0.6332300000000001 0.6155 0.597302 0.5794779999999999 0.5635739999999999 0.543596 0.5271939999999999 0.508748 0.48847 0.472088 0.45346800000000004 0.436466 0.420116 0.40878 0.39705 0.394226 0.392386 0.393154 0.39266199999999996 
0.8163039999999999 0.8132619999999999 0.809556 0.806006 0.801736 0.797664 0.7928200000000001 0.7875599999999999 0.7824059999999999 0.776304 0.76922 0.762064 0.7552859999999999 0.7476860000000001 0.736976 0.727934 0.7149160000000001 0.705298 0.692184 0.68045 0.664404 0.6512319999999999 0.635822 0.61897 0.601288 0.582708 0.5676359999999999 0.547678 0.52895 0.5107 0.49407 0.476708 0.460534 0.44200599999999995 0.424902 0.410418 0.39899599999999996 0.39573200000000003 0.395108 0.394938 0.39483999999999997 
0.8163680000000001 0.813316 0.8095119999999999 0.806046 0.801868 0.797856 0.7934479999999999 0.78734 0.782514 0.775548 0.769864 0.7631319999999999 0.7561760000000001 0.74713 0.739476 0.729844 0.7190679999999999 0.705912 0.6935359999999999 0.681154 0.6678099999999999 0.6545059999999999 0.6381760000000001 0.6217079999999999 0.6050399999999999 0.5880420000000001 0.57053 0.550964 0.533486 0.515796 0.49812599999999996 0.480286 0.463344 0.446486 0.42891399999999996 0.414374 0.404628 0.398924 0.39668200000000003 0.396562 0.395206 
0.816448 0.81314 0.8097380000000001 0.8060839999999999 0.802134 0.798582 0.79323 0.7877179999999999 0.7835639999999999 0.77762 0.7702519999999999 0.764128 0.757684 0.74779 0.7407659999999999 0.731336 0.720866 0.7071259999999999 0.698992 0.685842 0.6697799999999999 0.654714 0.6418619999999999 0.625398 0.609348 0.590782 0.576386 0.556234 0.5383920000000001 0.5218339999999999 0.503954 0.483374 0.468782 0.451312 0.43449 0.421146 0.405858 0.401914 0.399976 0.399086 0.39755 
0.816828 0.813836 0.809902 0.806724 0.802798 0.7981180000000001 0.7943579999999999 0.7882039999999999 0.7836259999999999 0.777744 0.772368 0.764976 0.757242 0.74914 0.741874 0.733128 0.7219260000000001 0.710792 0.6994239999999999 0.687918 0.675808 0.661166 0.6481420000000001 0.63064 0.6133460000000001 0.597398 0.578902 0.561076 0.545034 0.5275299999999999 0.511086 0.49270800000000003 0.474416 0.459112 0.44106799999999996 0.427336 0.413478 0.405276 0.40272800000000003 0.402266 0.401582 
0.817138 0.814178 0.810808 0.806924 0.802946 0.79843 0.79503 0.788894 0.784976 0.7787419999999999 0.773892 0.766674 0.760028 0.751934 0.743426 0.734302 0.725408 0.7144940000000001 0.704182 0.692554 0.6782079999999999 0.666316 0.653592 0.63937 0.621374 0.604026 0.5895819999999999 0.571444 0.554618 0.539996 0.521174 0.503594 0.485702 0.46805 0.45417 0.435964 0.42301799999999995 0.413074 0.406906 0.40731 0.4061 
0.8172780000000001 0.813944 0.810852 0.807686 0.80392 0.8000700000000001 0.794436 0.78991 0.7851319999999999 0.780106 0.774156 0.768854 0.760814 0.754522 0.74554 0.7375 0.726152 0.717 0.708564 0.6954980000000001 0.683688 0.6721779999999999 0.657304 0.643438 0.627024 0.609876 0.596384 0.5777920000000001 0.562998 0.5433 0.5249579999999999 0.510324 0.49260000000000004 0.478576 0.462652 0.445474 0.427786 0.41665399999999997 0.411576 0.4104 0.408858 
0.8175439999999999 0.814784 0.81172 0.807942 0.804292 0.8005599999999999 0.79674 0.7921459999999999 0.78718 0.7823920000000001 0.77631 0.770046 0.763796 0.757564 0.7494500000000001 0.741538 0.734186 0.72288 0.714802 0.703612 0.693096 0.680924 0.66732 0.652922 0.64179 0.625424 0.609536 0.594526 0.580014 0.56169 0.5449080000000001 0.530006 0.511282 0.496362 0.477844 0.462712 0.445906 0.430948 0.423442 0.41867000000000004 0.417798 
0.817862 0.814768 0.812098 0.808318 0.805606 0.8018460000000001 0.798166 0.7938999999999999 0.7883060000000001 0.784198 0.778722 0.77335 0.767206 0.761032 0.75267 0.746552 0.739356 0.731148 0.7215499999999999 0.711292 0.701682 0.688378 0.6787580000000001 0.66486 0.654744 0.638798 0.627386 0.609986 0.594834 0.57837 0.5644239999999999 0.548332 0.529556 0.514702 0.49876 0.48368 0.46838799999999997 0.45207200000000003 0.438072 0.429938 0.426652 
0.8185520000000001 0.816196 0.813342 0.809842 0.807594 0.80363 0.801056 0.796408 0.792344 0.788466 0.7841 0.7792960000000001 0.7742 0.7685700000000001 0.7629640000000001 0.756116 0.749838 0.740918 0.735976 0.726208 0.717278 0.71029 0.700914 0.687858 0.6777000000000001 0.6655460000000001 0.655814 0.6431079999999999 0.6296799999999999 0.615028 0.6013959999999999 0.587058 0.570776 0.55675 0.5404260000000001 0.525266 0.509352 0.49285 0.47695 0.46402 0.451428 
0.821314 0.819384 0.817276 0.815016 0.8123440000000001 0.8107219999999999 0.807918 0.8047839999999999 0.802396 0.799404 0.79591 0.7935180000000001 0.789346 0.786194 0.782706 0.777448 0.773432 0.76836 0.7650739999999999 0.759768 0.7554 0.749912 0.7440180000000001 0.7372960000000001 0.730502 0.72368 0.715702 0.7061660000000001 0.7007279999999999 0.692254 0.682048 0.67253 0.6617799999999999 0.6509320000000001 0.6390119999999999 0.626754 0.6138819999999999 0.60063 0.587622 0.5741459999999999 0.556994 
