0.741398 0.73811 0.7341660000000001 0.72929 0.724822 0.721616 0.717916 0.71224 0.70692 0.701996 0.696944 0.6916180000000001 0.68584 0.678846 0.673346 0.66608 0.657716 0.651946 0.644668 0.636076 0.6283880000000001 0.620764 0.610654 0.6025839999999999 0.5924640000000001 0.581776 0.571142 0.5638139999999999 0.550046 0.5393300000000001 0.528554 0.514154 0.502358 0.49212 0.475192 0.463236 0.453952 0.44324 0.436802 0.432904 0.429666 
0.74164 0.738086 0.7338920000000001 0.7300639999999999 0.726078 0.721816 0.717348 0.712884 0.707252 0.703332 0.696302 0.691962 0.6852419999999999 0.680326 0.671932 0.6656040000000001 0.6598379999999999 0.65227 0.64388 0.63667 0.6283139999999999 0.6207039999999999 0.611784 0.601168 0.591296 0.582434 0.5679120000000001 0.56102 0.547284 0.539402 0.527568 0.515626 0.499966 0.489006 0.47760199999999997 0.464478 0.45223 0.44438 0.43695 0.432118 0.429956 
0.742312 0.737398 0.734056 0.729904 0.724818 0.7215199999999999 0.7177060000000001 0.713518 0.707894 0.702174 0.6963400000000001 0.691978 0.6858139999999999 0.680148 0.673962 0.6671739999999999 0.660538 0.65073 0.64411 0.6386499999999999 0.62891 0.618436 0.612376 0.6003379999999999 0.59165 0.582422 0.572868 0.5625220000000001 0.55044 0.53914 0.5258999999999999 0.5137160000000001 0.502524 0.49169 0.47726799999999997 0.465248 0.454034 0.443986 0.436936 0.433092 0.429652 
0.741214 0.7383139999999999 0.733246 0.728836 0.72473 0.7213200000000001 0.717144 0.711954 0.7062459999999999 0.7025220000000001 0.697718 0.690164 0.685068 0.6802480000000001 0.671948 0.664814 0.659578 0.6521699999999999 0.6432519999999999 0.638464 0.6279 0.619158 0.609876 0.601152 0.591752 0.580936 0.5716 0.559122 0.54835 0.538644 0.524898 0.511512 0.502916 0.489576 0.477418 0.466296 0.45276799999999995 0.441472 0.437114 0.431876 0.42964800000000003 
0.741078 0.7377999999999999 0.734278 0.729468 0.725866 0.720784 0.718066 0.7127380000000001 0.707292 0.7018840000000001 0.6968840000000001 0.691554 0.684422 0.679654 0.67462 0.6669080000000001 0.659892 0.652966 0.64463 0.6360560000000001 0.629144 0.6204679999999999 0.6124400000000001 0.602306 0.590798 0.5804980000000001 0.570746 0.559884 0.5475460000000001 0.537512 0.52612 0.5164 0.501154 0.489572 0.47848599999999997 0.46566199999999996 0.45368 0.44462999999999997 0.43664400000000003 0.431878 0.43013999999999997 
0.7411639999999999 0.738426 0.7342960000000001 0.729602 0.725894 0.7219679999999999 0.7167279999999999 0.712332 0.7061000000000001 0.702958 0.697926 0.691346 0.685492 0.6802140000000001 0.673984 0.666078 0.659552 0.6507179999999999 0.643944 0.6368579999999999 0.626928 0.619112 0.611768 0.601278 0.5917899999999999 0.58047 0.5707920000000001 0.559902 0.547538 0.53659 0.526292 0.5167 0.500926 0.487958 0.475616 0.46595800000000004 0.452826 0.443782 0.43663 0.432152 0.43021 
0.740348 0.7372179999999999 0.73329 0.7294619999999999 0.7255119999999999 0.7218519999999999 0.7167859999999999 0.7125220000000001 0.707186 0.70331 0.69727 0.69171 0.685706 0.6795760000000001 0.672966 0.6662480000000001 0.660482 0.651946 0.644642 0.637278 0.62914 0.61688 0.60958 0.6025900000000001 0.589466 0.581312 0.57216 0.56176 0.5482619999999999 0.5373020000000001 0.5244880000000001 0.51383 0.49866000000000005 0.49138 0.477622 0.46551600000000004 0.45163400000000004 0.44375400000000004 0.437488 0.43181 0.428426 
0.740986 0.737844 0.734924 0.7296180000000001 0.725782 0.720288 0.716548 0.71125 0.706288 0.70135 0.695978 0.69123 0.6850700000000001 0.680118 0.67231 0.66649 0.65876 0.652986 0.6455599999999999 0.63803 0.62724 0.620232 0.609304 0.602898 0.58989 0.5817140000000001 0.572154 0.561894 0.550274 0.535698 0.526978 0.516288 0.499636 0.48979 0.479772 0.467224 0.452718 0.445278 0.43836200000000003 0.432122 0.429838 
0.74214 0.737872 0.7337440000000001 0.729536 0.724212 0.722274 0.716412 0.711692 0.7077619999999999 0.701314 0.696996 0.6922780000000001 0.685422 0.680468 0.674314 0.665836 0.660952 0.651612 0.6446839999999999 0.6376900000000001 0.626568 0.618278 0.6114339999999999 0.600484 0.59084 0.57955 0.5690919999999999 0.560048 0.5482039999999999 0.5386259999999999 0.527636 0.51434 0.502186 0.487028 0.47861200000000004 0.46714999999999995 0.45417399999999997 0.442516 0.43697199999999997 0.431902 0.42932400000000004 
0.741852 0.736942 0.7337400000000001 0.730442 0.726014 0.72121 0.716584 0.712792 0.707052 0.7020299999999999 0.696766 0.69089 0.68528 0.679948 0.674746 0.666434 0.659902 0.651704 0.64481 0.6377240000000001 0.628876 0.616842 0.608566 0.6002580000000001 0.59066 0.5816520000000001 0.569476 0.5608 0.5481739999999999 0.538018 0.527962 0.516358 0.503674 0.489496 0.474578 0.464762 0.452644 0.443618 0.436526 0.43231400000000003 0.429736 
0.741722 0.737996 0.733226 0.730158 0.725442 0.7215320000000001 0.7169880000000001 0.712642 0.7057899999999999 0.702328 0.696394 0.691034 0.684904 0.679594 0.673304 0.666002 0.659914 0.6513519999999999 0.644418 0.6363260000000001 0.628968 0.619848 0.61005 0.5999779999999999 0.5908819999999999 0.582168 0.5681799999999999 0.56224 0.5508719999999999 0.53789 0.5254439999999999 0.514678 0.502126 0.490128 0.47738600000000003 0.463854 0.452154 0.44337 0.43758400000000003 0.43335199999999996 0.430882 
0.74068 0.737026 0.733718 0.7295539999999999 0.726226 0.720094 0.716982 0.711688 0.7072759999999999 0.701652 0.696774 0.691126 0.685486 0.680142 0.6735220000000001 0.6677000000000001 0.6591319999999999 0.6525380000000001 0.64455 0.636826 0.629344 0.61871 0.6110099999999999 0.601206 0.591874 0.583082 0.571798 0.56035 0.549778 0.539192 0.528336 0.5123880000000001 0.502984 0.488128 0.477688 0.465156 0.455472 0.445372 0.43741 0.432954 0.430008 
0.740888 0.737954 0.732908 0.73003 0.726176 0.720384 0.7164360000000001 0.7123200000000001 0.707562 0.7019500000000001 0.697586 0.68983 0.6846939999999999 0.68011 0.6729539999999999 0.6674220000000001 0.6599740000000001 0.6550199999999999 0.645226 0.63773 0.628236 0.6197619999999999 0.6119220000000001 0.600846 0.592624 0.580938 0.572812 0.5604560000000001 0.551614 0.538934 0.5252279999999999 0.51437 0.503416 0.48986599999999997 0.47815199999999997 0.466404 0.45448200000000005 0.445112 0.43608199999999997 0.432672 0.430088 
0.740592 0.736752 0.733462 0.73 0.725422 0.719896 0.717174 0.712644 0.706774 0.701018 0.6953060000000001 0.690976 0.684348 0.6794779999999999 0.672658 0.667414 0.6602319999999999 0.6513519999999999 0.6439779999999999 0.636482 0.6275040000000001 0.620822 0.60919 0.6017039999999999 0.591784 0.5820460000000001 0.571462 0.560174 0.5514880000000001 0.535092 0.52662 0.513338 0.502312 0.49131 0.475366 0.46632999999999997 0.454898 0.443562 0.435964 0.43189 0.430156 
0.741118 0.7379600000000001 0.73285 0.728588 0.7249479999999999 0.721288 0.716018 0.712672 0.70789 0.701126 0.697276 0.6918500000000001 0.685468 0.677744 0.6727960000000001 0.6658379999999999 0.661504 0.652186 0.644894 0.637494 0.628282 0.620122 0.6110599999999999 0.601188 0.5926119999999999 0.580098 0.570432 0.5606420000000001 0.5524020000000001 0.5380940000000001 0.528322 0.5158680000000001 0.5043380000000001 0.49135 0.476738 0.465492 0.45436200000000004 0.444306 0.438498 0.432846 0.430318 
0.740332 0.736856 0.733216 0.729268 0.72485 0.721928 0.7171559999999999 0.711898 0.7070259999999999 0.702172 0.6956939999999999 0.689082 0.6869 0.67962 0.672788 0.665698 0.6580320000000001 0.65212 0.643414 0.634522 0.628758 0.61919 0.610388 0.60184 0.589982 0.5827680000000001 0.57197 0.560342 0.550756 0.540142 0.52934 0.517138 0.503164 0.489522 0.477822 0.466446 0.45215 0.44546800000000003 0.43642000000000003 0.432848 0.430272 
0.7401639999999999 0.7362839999999999 0.73365 0.7289640000000001 0.725304 0.720924 0.716622 0.7108880000000001 0.706054 0.702944 0.696722 0.691688 0.684914 0.679068 0.672716 0.665156 0.65825 0.654612 0.645124 0.637356 0.627014 0.619676 0.6119439999999999 0.601712 0.593418 0.5834600000000001 0.573886 0.5606 0.5508460000000001 0.537154 0.528694 0.517098 0.504554 0.489788 0.47795 0.46592 0.45506 0.44388 0.438062 0.434344 0.43091399999999996 
0.740852 0.735878 0.732746 0.7283780000000001 0.724672 0.720502 0.7157039999999999 0.7125779999999999 0.707404 0.702944 0.69777 0.69128 0.684566 0.679164 0.672846 0.665822 0.660314 0.65275 0.64378 0.63593 0.629152 0.62176 0.612178 0.603842 0.5940059999999999 0.5842780000000001 0.573152 0.562308 0.553082 0.542468 0.5281180000000001 0.5181939999999999 0.50731 0.48743200000000003 0.477312 0.465582 0.454918 0.446022 0.437496 0.434778 0.429576 
0.7401639999999999 0.7371420000000001 0.7322759999999999 0.728288 0.7253719999999999 0.720902 0.7158680000000001 0.711254 0.7070879999999999 0.7013659999999999 0.695646 0.6915520000000001 0.686392 0.680096 0.675558 0.666316 0.662026 0.652908 0.6443920000000001 0.636448 0.628272 0.6192300000000001 0.613942 0.600582 0.596542 0.5841620000000001 0.576928 0.563188 0.550844 0.541096 0.528866 0.518926 0.503734 0.49161200000000005 0.480976 0.467804 0.455428 0.446308 0.43864800000000004 0.433842 0.43048000000000003 
0.740042 0.735838 0.73185 0.7278680000000001 0.725448 0.720572 0.716216 0.711048 0.7067619999999999 0.702228 0.69723 0.6914539999999999 0.684624 0.679486 0.6718999999999999 0.666766 0.6611319999999999 0.6537820000000001 0.6454099999999999 0.637262 0.629912 0.62099 0.613186 0.6034299999999999 0.592816 0.5844600000000001 0.574016 0.561928 0.553168 0.541578 0.529186 0.5145919999999999 0.50507 0.491916 0.480942 0.46657600000000005 0.45608800000000005 0.445938 0.437654 0.433 0.431316 
0.7407619999999999 0.7354980000000001 0.7321559999999999 0.7294539999999999 0.723662 0.719898 0.716484 0.7126699999999999 0.7076 0.701668 0.6972480000000001 0.691076 0.684524 0.6796319999999999 0.673964 0.667474 0.6615979999999999 0.654006 0.64837 0.639092 0.63228 0.621484 0.6120059999999999 0.6044400000000001 0.59333 0.5836359999999999 0.574506 0.56457 0.552168 0.543476 0.531096 0.515306 0.50632 0.492794 0.481724 0.46784 0.4555 0.44527999999999995 0.439258 0.433636 0.431152 
0.739604 0.737336 0.732428 0.727654 0.725096 0.719724 0.71566 0.712134 0.706468 0.7015359999999999 0.695508 0.69143 0.68432 0.680474 0.672646 0.668178 0.660042 0.653158 0.6457820000000001 0.639208 0.631174 0.6235259999999999 0.61212 0.603438 0.595398 0.585936 0.5756359999999999 0.56752 0.554286 0.54218 0.5310119999999999 0.519174 0.50715 0.49514600000000003 0.48282400000000003 0.470094 0.457874 0.447854 0.441442 0.434428 0.432212 
0.739648 0.735644 0.732486 0.728898 0.72361 0.72045 0.715688 0.710856 0.706514 0.701016 0.696922 0.692144 0.683988 0.680468 0.671884 0.667812 0.6602480000000001 0.653188 0.6466799999999999 0.6400800000000001 0.631716 0.623934 0.614542 0.6064660000000001 0.59804 0.586978 0.576994 0.565986 0.5553920000000001 0.546126 0.531096 0.519298 0.509232 0.495172 0.484666 0.471568 0.4573 0.449428 0.44007999999999997 0.435062 0.43298000000000003 
0.73894 0.73551 0.732102 0.728542 0.724694 0.7195199999999999 0.715186 0.712496 0.707332 0.70227 0.696994 0.692428 0.68548 0.67996 0.674224 0.669366 0.660664 0.654738 0.6471760000000001 0.641034 0.634216 0.624428 0.6162859999999999 0.6068819999999999 0.599884 0.5883079999999999 0.579172 0.5680080000000001 0.5563239999999999 0.545044 0.532416 0.521096 0.508772 0.496368 0.484784 0.474874 0.461644 0.450152 0.443534 0.435818 0.43291399999999997 
0.738548 0.73456 0.731208 0.727232 0.724288 0.7196520000000001 0.714192 0.7115520000000001 0.705936 0.702294 0.6968 0.6916760000000001 0.685964 0.681096 0.6742 0.66906 0.661978 0.65518 0.64778 0.641092 0.6304120000000001 0.623454 0.615872 0.605712 0.597174 0.588182 0.582032 0.5703039999999999 0.557354 0.5450259999999999 0.5356839999999999 0.523608 0.510568 0.500108 0.485296 0.473226 0.462272 0.45129 0.442 0.437458 0.43424 
0.738082 0.734052 0.73126 0.7283 0.724456 0.719204 0.714586 0.709978 0.7069460000000001 0.702316 0.6974539999999999 0.6912240000000001 0.686378 0.68062 0.675072 0.6664260000000001 0.661508 0.6582680000000001 0.650888 0.64143 0.634058 0.62571 0.615734 0.6076180000000001 0.600168 0.593726 0.5817559999999999 0.571702 0.55961 0.5498460000000001 0.538394 0.527736 0.5148440000000001 0.502218 0.489214 0.478264 0.46299 0.452314 0.44638799999999995 0.43874799999999997 0.43579399999999996 
0.737028 0.734386 0.731894 0.727066 0.724622 0.720194 0.71447 0.711548 0.7073579999999999 0.701652 0.6961860000000001 0.69045 0.685956 0.6808 0.6749400000000001 0.669682 0.663216 0.6553519999999999 0.65023 0.643586 0.633922 0.6250460000000001 0.619188 0.610052 0.601388 0.5925159999999999 0.583272 0.573012 0.563044 0.554534 0.5388379999999999 0.528952 0.513874 0.505252 0.491548 0.48027600000000004 0.468262 0.456984 0.44778199999999996 0.441308 0.43708199999999997 
0.738268 0.733666 0.730576 0.72658 0.7230700000000001 0.719792 0.714472 0.711114 0.708254 0.701784 0.6954859999999999 0.691548 0.6880299999999999 0.681976 0.67352 0.669278 0.6622619999999999 0.6565 0.6512939999999999 0.641038 0.636096 0.629046 0.61856 0.610916 0.60266 0.592326 0.5837899999999999 0.57404 0.562352 0.552892 0.540222 0.530448 0.51873 0.5085 0.49075 0.478788 0.469928 0.458186 0.449166 0.441774 0.437722 
0.7371340000000001 0.733558 0.7310760000000001 0.7273 0.722936 0.718092 0.714588 0.710268 0.706138 0.7010599999999999 0.6971860000000001 0.692006 0.687902 0.6806 0.677236 0.67106 0.663022 0.659508 0.65199 0.642706 0.6365460000000001 0.6305040000000001 0.621788 0.612208 0.604792 0.595626 0.58728 0.577896 0.567378 0.55587 0.546584 0.5346219999999999 0.521258 0.51033 0.496952 0.487214 0.472722 0.46310399999999996 0.451452 0.444312 0.439064 
0.736784 0.7339779999999999 0.73017 0.726696 0.7219439999999999 0.718362 0.7146699999999999 0.710414 0.70597 0.701944 0.697102 0.693564 0.688474 0.680842 0.6776559999999999 0.6709660000000001 0.66439 0.658818 0.651856 0.645796 0.6385259999999999 0.631866 0.621788 0.6138680000000001 0.606144 0.5963719999999999 0.592066 0.5803740000000001 0.57026 0.5591 0.546562 0.53969 0.5235019999999999 0.513624 0.50246 0.48973 0.47721600000000003 0.468614 0.454512 0.448226 0.44269 
0.736216 0.734062 0.730264 0.72634 0.7225739999999999 0.718262 0.713898 0.711228 0.705904 0.7011900000000001 0.696748 0.6923579999999999 0.6886559999999999 0.683202 0.6774439999999999 0.671234 0.6650900000000001 0.657682 0.65363 0.647452 0.638648 0.6335660000000001 0.625072 0.615958 0.609758 0.60281 0.5893079999999999 0.58094 0.5741280000000001 0.5617580000000001 0.553022 0.540596 0.5292380000000001 0.516334 0.505684 0.49548000000000003 0.48065199999999997 0.468626 0.45867399999999997 0.45142200000000005 0.444892 
0.73617 0.732752 0.7295159999999999 0.726024 0.7226760000000001 0.7189180000000001 0.714182 0.709514 0.706634 0.702148 0.697582 0.693366 0.685878 0.684742 0.677558 0.671728 0.66526 0.6602039999999999 0.655076 0.6469640000000001 0.63961 0.63278 0.626968 0.617216 0.610044 0.60277 0.59434 0.5817599999999999 0.574052 0.565028 0.554708 0.5449660000000001 0.5312140000000001 0.522044 0.508368 0.49597 0.48426600000000003 0.47193999999999997 0.461914 0.45418200000000003 0.445124 
0.7348819999999999 0.73262 0.728792 0.72663 0.7225900000000001 0.719154 0.714688 0.7114640000000001 0.705308 0.7014539999999999 0.69897 0.6934239999999999 0.689874 0.684768 0.67953 0.672404 0.66886 0.6611319999999999 0.656068 0.649792 0.642934 0.63717 0.6290399999999999 0.621178 0.614778 0.607376 0.597694 0.588682 0.5814400000000001 0.572286 0.5624819999999999 0.55203 0.537538 0.5286259999999999 0.519086 0.5065 0.493404 0.480558 0.46961 0.459612 0.451942 
0.7360399999999999 0.731904 0.7294400000000001 0.724782 0.721226 0.717682 0.713986 0.7098 0.70687 0.702568 0.697364 0.69365 0.689116 0.684174 0.6797759999999999 0.6731520000000001 0.669452 0.662866 0.6550560000000001 0.65013 0.64378 0.63862 0.6313880000000001 0.622804 0.61652 0.608198 0.601832 0.591182 0.5822480000000001 0.571382 0.562768 0.551866 0.5414439999999999 0.530316 0.521048 0.5069359999999999 0.49939999999999996 0.48419999999999996 0.472736 0.46318 0.45463600000000004 
0.733804 0.7311799999999999 0.7285119999999999 0.725604 0.721322 0.718478 0.71368 0.710208 0.707616 0.702788 0.6980940000000001 0.694422 0.68879 0.685198 0.6806760000000001 0.674644 0.6698 0.663206 0.658752 0.65096 0.646448 0.640368 0.6342279999999999 0.626506 0.6209880000000001 0.6113719999999999 0.6023740000000001 0.5969059999999999 0.5885 0.578616 0.570578 0.5575019999999999 0.549918 0.5384840000000001 0.528898 0.51812 0.5078779999999999 0.49463 0.484194 0.469676 0.462066 
0.734026 0.731102 0.728954 0.724026 0.721308 0.71862 0.714928 0.710576 0.707936 0.702844 0.698434 0.6945560000000001 0.689634 0.684668 0.68051 0.67571 0.670662 0.665072 0.6596599999999999 0.6524139999999999 0.650274 0.64061 0.636202 0.629512 0.6212519999999999 0.615168 0.606306 0.6008640000000001 0.589836 0.581898 0.571152 0.564594 0.5551200000000001 0.5448780000000001 0.5369919999999999 0.526236 0.5141979999999999 0.50041 0.489416 0.47642399999999996 0.46823000000000004 
0.732678 0.7308859999999999 0.7277039999999999 0.7248519999999999 0.721168 0.717806 0.713254 0.70975 0.705902 0.703582 0.6990700000000001 0.694172 0.689952 0.6855180000000001 0.6798500000000001 0.6767580000000001 0.67191 0.667176 0.661664 0.6569619999999999 0.64979 0.645576 0.636744 0.629802 0.623512 0.617784 0.610656 0.605494 0.596744 0.587998 0.579012 0.571874 0.56517 0.5531860000000001 0.542586 0.534026 0.524606 0.50928 0.501796 0.48946 0.477334 
0.732476 0.7305320000000001 0.7267659999999999 0.7242580000000001 0.721394 0.717568 0.7145819999999999 0.710264 0.70614 0.7033339999999999 0.6995979999999999 0.69599 0.691202 0.686736 0.683388 0.6765220000000001 0.673452 0.667978 0.664008 0.658832 0.652602 0.645686 0.642786 0.63576 0.629316 0.621616 0.61795 0.607656 0.599552 0.5928680000000001 0.584404 0.578394 0.5688500000000001 0.5617559999999999 0.55126 0.540932 0.5334099999999999 0.52161 0.508922 0.500508 0.48841199999999996 
0.7317859999999999 0.72923 0.726624 0.723118 0.720802 0.716924 0.7145520000000001 0.711152 0.70685 0.7030599999999999 0.69987 0.695922 0.690436 0.686504 0.682702 0.681284 0.674498 0.67148 0.666276 0.660072 0.6564059999999999 0.650798 0.645614 0.6394500000000001 0.634218 0.6252300000000001 0.62137 0.612442 0.606642 0.601328 0.590936 0.585442 0.5779740000000001 0.5680620000000001 0.557838 0.551584 0.53961 0.531928 0.523486 0.510072 0.500138 
0.732298 0.728912 0.7259059999999999 0.722754 0.719322 0.71689 0.714102 0.710384 0.706904 0.70331 0.699804 0.696716 0.692958 0.6897380000000001 0.6848139999999999 0.679578 0.67631 0.671848 0.6677759999999999 0.661876 0.6574059999999999 0.652928 0.648698 0.64307 0.63827 0.6315599999999999 0.624016 0.6204400000000001 0.612648 0.6056459999999999 0.599332 0.592056 0.585934 0.578116 0.56825 0.5622780000000001 0.55283 0.544628 0.537852 0.527486 0.5167619999999999 
0.730866 0.72822 0.7248300000000001 0.722272 0.719296 0.716274 0.713016 0.71008 0.706426 0.703214 0.69965 0.6980919999999999 0.693138 0.6902200000000001 0.68665 0.6814640000000001 0.677646 0.6736960000000001 0.668976 0.6644880000000001 0.658774 0.656398 0.6505639999999999 0.646644 0.640642 0.6346219999999999 0.629906 0.6242580000000001 0.6195 0.6140119999999999 0.6085119999999999 0.6003339999999999 0.593216 0.587394 0.581236 0.572102 0.563492 0.554952 0.550416 0.54202 0.53347 
