0.609174 0.596202 0.5847279999999999 0.572434 0.5600879999999999 0.548452 0.5362859999999999 0.523302 0.51051 0.496964 0.48585199999999995 0.472146 0.45751400000000003 0.446638 0.433522 0.420828 0.409264 0.397868 0.385804 0.374602 0.36355200000000004 0.35617200000000004 0.344598 0.33954199999999995 0.33412200000000003 0.331306 0.330638 0.330866 0.330382 0.33161799999999997 0.330578 0.33130000000000004 0.330794 0.331326 0.33093599999999995 0.33055399999999996 0.330364 0.330928 0.331034 0.330918 0.330326 
0.607902 0.5967 0.584132 0.5715 0.559584 0.5480320000000001 0.5342380000000001 0.522102 0.510006 0.497958 0.48544 0.472128 0.46034800000000003 0.447538 0.43529 0.420988 0.411422 0.39949799999999996 0.38402 0.375408 0.36478 0.356498 0.34624 0.338402 0.3327 0.33184600000000003 0.330918 0.3306 0.330702 0.33128199999999997 0.33034399999999997 0.33034199999999997 0.33094799999999996 0.330298 0.33066 0.330988 0.331068 0.330732 0.33027999999999996 0.331308 0.32953 
0.607596 0.59712 0.5865779999999999 0.57121 0.5602480000000001 0.548526 0.5355639999999999 0.524364 0.509684 0.497296 0.485936 0.472024 0.459178 0.448706 0.43397800000000003 0.423772 0.40928 0.39728199999999997 0.38905 0.37529199999999996 0.3653 0.35371800000000003 0.34650400000000003 0.337854 0.333864 0.331078 0.330912 0.33132999999999996 0.32992200000000005 0.330488 0.330598 0.33007 0.330606 0.330394 0.330974 0.33113600000000004 0.33024400000000004 0.330152 0.33033999999999997 0.331332 0.33051200000000003 
0.608152 0.59687 0.58499 0.57455 0.561532 0.546762 0.536104 0.521752 0.50934 0.496848 0.485684 0.473844 0.457152 0.446822 0.43307999999999996 0.423196 0.40899599999999997 0.399236 0.388058 0.375942 0.366606 0.35239800000000004 0.347914 0.338012 0.332812 0.33094999999999997 0.330882 0.331324 0.33086 0.330698 0.33076 0.330946 0.330532 0.33128199999999997 0.33051600000000003 0.331402 0.33053 0.331018 0.331044 0.33018400000000003 0.330462 
0.607834 0.59581 0.5854199999999999 0.574142 0.560704 0.54669 0.536746 0.522624 0.510156 0.49658800000000003 0.484522 0.47245 0.46093599999999996 0.44824400000000003 0.436692 0.42417 0.407526 0.4004 0.386378 0.375546 0.36536399999999997 0.355132 0.34632 0.338294 0.33361 0.330964 0.33036 0.331334 0.33067599999999997 0.330562 0.331366 0.33142200000000005 0.331366 0.329988 0.331068 0.331154 0.33036200000000004 0.330266 0.330704 0.330412 0.33072 
0.608556 0.5971219999999999 0.584904 0.573874 0.562174 0.54738 0.537066 0.523842 0.510034 0.49787400000000004 0.487288 0.471918 0.45832 0.445662 0.435172 0.422544 0.410572 0.39882 0.38723 0.376042 0.364944 0.355006 0.34339800000000004 0.338864 0.33418400000000004 0.331386 0.330954 0.330548 0.33076799999999995 0.329994 0.33011599999999997 0.331584 0.330276 0.33024000000000003 0.33127 0.330476 0.33149 0.33123 0.33069600000000005 0.331926 0.330106 
0.6073200000000001 0.597468 0.58629 0.572952 0.560932 0.548982 0.534818 0.523378 0.510744 0.498992 0.485262 0.471866 0.45982799999999996 0.447386 0.43386399999999997 0.424666 0.412518 0.401632 0.387092 0.377394 0.367964 0.353852 0.343688 0.339472 0.333678 0.3314 0.330304 0.330822 0.33095800000000003 0.33011 0.331052 0.330808 0.331146 0.330736 0.330546 0.330572 0.330686 0.330648 0.330142 0.330454 0.331274 
0.607494 0.596368 0.584724 0.573558 0.561836 0.550138 0.536138 0.523166 0.511648 0.49893400000000004 0.48637 0.47191000000000005 0.459522 0.445778 0.43515 0.420904 0.41028 0.399822 0.38767599999999997 0.377932 0.366134 0.354852 0.347994 0.337666 0.33318000000000003 0.331792 0.33138999999999996 0.33061 0.330292 0.33023399999999997 0.331048 0.330964 0.330026 0.33071 0.33105 0.330524 0.330668 0.330502 0.331664 0.331058 0.33161799999999997 
0.609188 0.5960080000000001 0.584604 0.574936 0.561652 0.5477240000000001 0.53489 0.52312 0.509842 0.49845999999999996 0.485148 0.474548 0.459834 0.446936 0.433762 0.423808 0.411086 0.398264 0.38809 0.377672 0.36605 0.355394 0.346304 0.33856400000000003 0.333104 0.33145800000000003 0.330814 0.330666 0.330952 0.33050799999999997 0.331254 0.330306 0.330592 0.330336 0.33038799999999996 0.330382 0.330238 0.330572 0.33082799999999996 0.33100799999999997 0.33058 
0.606836 0.596662 0.5840339999999999 0.573532 0.561554 0.5485599999999999 0.53679 0.523696 0.510708 0.498032 0.48447199999999996 0.472648 0.459976 0.449934 0.43251799999999996 0.423334 0.409226 0.399834 0.38706 0.37751 0.36563799999999996 0.355264 0.346568 0.339382 0.334094 0.332188 0.330726 0.330312 0.33050599999999997 0.331396 0.331364 0.330712 0.331044 0.330092 0.33051600000000003 0.33092200000000005 0.329974 0.33044 0.329918 0.330488 0.330622 
0.606846 0.5965779999999999 0.585898 0.574982 0.558524 0.546698 0.535908 0.522692 0.513582 0.499026 0.485302 0.47189600000000004 0.458854 0.44656599999999996 0.435516 0.42481599999999997 0.411204 0.400356 0.388316 0.37707999999999997 0.365402 0.355354 0.345926 0.33844799999999997 0.334004 0.33135000000000003 0.331152 0.331232 0.331272 0.331292 0.331084 0.331096 0.33118400000000003 0.330198 0.3307 0.33060199999999995 0.330358 0.330952 0.330854 0.33128199999999997 0.330158 
0.6091340000000001 0.597336 0.585932 0.575626 0.560286 0.550922 0.536036 0.522904 0.511214 0.49659800000000004 0.485168 0.47199 0.46053 0.44773599999999997 0.43518 0.423126 0.411416 0.398582 0.38853 0.376824 0.366254 0.3553 0.34592399999999995 0.33905799999999997 0.333946 0.33141000000000004 0.330584 0.330692 0.33137 0.33057400000000003 0.331208 0.330534 0.33061799999999997 0.330582 0.330404 0.330706 0.330392 0.33055 0.330578 0.330392 0.33066 
0.608602 0.598508 0.58685 0.574732 0.5611860000000001 0.550334 0.535284 0.522452 0.511348 0.497602 0.48407799999999995 0.47331799999999996 0.460814 0.447112 0.433614 0.423988 0.41397 0.400276 0.38786000000000004 0.377176 0.364114 0.35701 0.344806 0.337808 0.333298 0.331238 0.33088 0.331972 0.33055599999999996 0.33022 0.33094 0.33129000000000003 0.330226 0.32950599999999997 0.3302 0.330898 0.33121 0.331394 0.330998 0.330822 0.33067799999999997 
0.6106079999999999 0.5971879999999999 0.585212 0.5739299999999999 0.563498 0.548898 0.536628 0.52352 0.510008 0.498948 0.485308 0.472674 0.45945600000000003 0.44708600000000004 0.43585 0.423192 0.408494 0.400198 0.38664800000000005 0.376318 0.36669799999999997 0.354242 0.345874 0.33761399999999997 0.33485000000000004 0.331698 0.33091000000000004 0.330594 0.330572 0.33104 0.330568 0.330864 0.331058 0.330874 0.33082 0.331226 0.329902 0.331064 0.33040600000000003 0.330568 0.33082 
0.609198 0.598298 0.58525 0.572864 0.56091 0.5486219999999999 0.536082 0.524018 0.512672 0.49901999999999996 0.486036 0.47333 0.459334 0.44764 0.432838 0.422164 0.412008 0.400422 0.389778 0.37611399999999995 0.36587400000000003 0.355202 0.34520999999999996 0.33922199999999997 0.334048 0.331078 0.331524 0.33068400000000003 0.330118 0.331378 0.330942 0.3316 0.330632 0.33069600000000005 0.33042 0.33090800000000004 0.330442 0.330238 0.331324 0.33044799999999996 0.330926 
0.6093099999999999 0.596702 0.585456 0.573472 0.56257 0.548976 0.537202 0.523156 0.509636 0.498056 0.48383 0.474078 0.460336 0.44663600000000003 0.434568 0.421894 0.41230399999999995 0.399144 0.388198 0.37779599999999997 0.364484 0.356292 0.346682 0.338072 0.33395800000000003 0.332868 0.33119400000000004 0.331504 0.330814 0.330214 0.331156 0.33074200000000004 0.33052800000000004 0.33150799999999997 0.33044999999999997 0.33004199999999995 0.33034800000000003 0.33159 0.33131 0.330916 0.33096 
0.60787 0.599662 0.586094 0.5746720000000001 0.562392 0.547284 0.537362 0.525106 0.511528 0.497334 0.48304 0.472792 0.45809 0.447658 0.436716 0.42410000000000003 0.41368400000000005 0.39886200000000005 0.38797000000000004 0.378806 0.365976 0.356902 0.34545 0.33864999999999995 0.334156 0.33163 0.33086 0.331276 0.330536 0.330484 0.329886 0.33089999999999997 0.330198 0.330504 0.33017399999999997 0.331608 0.331048 0.331442 0.330786 0.331398 0.33107600000000004 
0.608228 0.598272 0.586132 0.5738880000000001 0.5630839999999999 0.548346 0.53707 0.524212 0.510906 0.4992 0.48630599999999996 0.472126 0.46195600000000003 0.45002800000000004 0.434226 0.42428 0.41231799999999996 0.401208 0.386944 0.37616000000000005 0.365048 0.354394 0.346386 0.33882799999999996 0.334538 0.332546 0.332142 0.33182999999999996 0.33127999999999996 0.33153 0.33059 0.330838 0.33031 0.330646 0.33061799999999997 0.33118200000000003 0.330444 0.33117399999999997 0.330896 0.330358 0.33084399999999997 
0.609332 0.598252 0.585884 0.574542 0.5598139999999999 0.551942 0.536408 0.523872 0.510506 0.499328 0.48431799999999997 0.473354 0.462942 0.44712999999999997 0.434048 0.423402 0.413806 0.400308 0.389098 0.377938 0.366122 0.356296 0.345798 0.33938799999999997 0.334314 0.332412 0.331298 0.331202 0.33134800000000003 0.330894 0.330804 0.331 0.33068000000000003 0.33039999999999997 0.33117599999999997 0.33098 0.330648 0.331262 0.33069 0.331262 0.33112 
0.609684 0.59899 0.586974 0.57548 0.561374 0.548136 0.5387759999999999 0.525948 0.50851 0.498834 0.48609399999999997 0.47197 0.461216 0.45013600000000004 0.436338 0.422904 0.41347 0.401178 0.38796600000000003 0.378784 0.367476 0.35663799999999996 0.34658 0.33687599999999995 0.334286 0.3324 0.331584 0.331208 0.33142 0.331606 0.331044 0.33128399999999997 0.33034399999999997 0.330986 0.33100999999999997 0.33118000000000003 0.33185000000000003 0.331012 0.330924 0.33185000000000003 0.33101400000000003 
0.6087039999999999 0.598606 0.58631 0.574942 0.56291 0.5499400000000001 0.5381180000000001 0.523288 0.511998 0.499678 0.48621 0.47293999999999997 0.46091000000000004 0.450264 0.43716000000000005 0.423192 0.412388 0.40214 0.38986200000000004 0.37933 0.366104 0.35659199999999996 0.345598 0.33874200000000004 0.334084 0.331896 0.331406 0.331476 0.330804 0.331544 0.33161399999999996 0.33098 0.330626 0.331534 0.331144 0.33100999999999997 0.33122199999999996 0.33106599999999997 0.331398 0.331206 0.33099599999999996 
0.610384 0.5979500000000001 0.588528 0.5734360000000001 0.5636059999999999 0.549808 0.538498 0.523686 0.5090480000000001 0.49882 0.48557799999999995 0.47244600000000003 0.459358 0.448868 0.436242 0.423358 0.412408 0.402776 0.39152 0.37731 0.367486 0.358102 0.34644600000000003 0.339786 0.332678 0.332298 0.332172 0.331098 0.33106599999999997 0.331764 0.331156 0.33201600000000003 0.33088799999999996 0.331138 0.33150799999999997 0.331728 0.33128399999999997 0.331158 0.330774 0.33115 0.331098 
0.608606 0.6000679999999999 0.586228 0.5741240000000001 0.56216 0.5495399999999999 0.53844 0.5249020000000001 0.5122960000000001 0.500062 0.48699400000000004 0.473728 0.463024 0.449524 0.43768799999999997 0.423958 0.413788 0.40149 0.38913600000000004 0.37823 0.36769 0.356604 0.345992 0.33962 0.33499 0.332296 0.331402 0.33150599999999997 0.33172199999999996 0.33128399999999997 0.33155 0.33055599999999996 0.331276 0.331286 0.33119600000000005 0.331774 0.331304 0.331204 0.33173 0.330992 0.33105 
0.610586 0.596846 0.58673 0.575606 0.561416 0.550452 0.539258 0.523362 0.5140800000000001 0.498156 0.486308 0.47474 0.46105 0.44857600000000003 0.436928 0.424456 0.413118 0.401798 0.38817399999999996 0.37764600000000004 0.367424 0.357108 0.346262 0.33913600000000005 0.333966 0.330852 0.331714 0.331372 0.33108800000000005 0.33217599999999997 0.331372 0.331608 0.331146 0.332826 0.33113600000000004 0.33069400000000004 0.331202 0.332066 0.33163600000000004 0.331386 0.33248200000000006 
0.6094539999999999 0.59873 0.587524 0.574822 0.562558 0.550606 0.538446 0.525754 0.512222 0.501306 0.487008 0.473982 0.460804 0.44931 0.438612 0.424888 0.411914 0.400804 0.388186 0.378038 0.36820600000000003 0.356694 0.346854 0.339552 0.333776 0.332366 0.33104199999999995 0.33047000000000004 0.331258 0.330814 0.331522 0.33130200000000004 0.33141000000000004 0.331272 0.331726 0.331414 0.331336 0.331266 0.33163400000000004 0.331426 0.332518 
0.6096520000000001 0.5995900000000001 0.5871900000000001 0.5752659999999999 0.561156 0.551334 0.539366 0.5254800000000001 0.51201 0.498358 0.485402 0.47421199999999997 0.46251 0.450022 0.437562 0.42551 0.413808 0.39986200000000005 0.389256 0.377322 0.367286 0.358436 0.346636 0.338318 0.33518400000000004 0.332402 0.332312 0.33161399999999996 0.33155399999999996 0.331308 0.332392 0.330928 0.331216 0.33132 0.331128 0.331416 0.33188 0.33103 0.33104199999999995 0.330608 0.330654 
0.610952 0.599994 0.588252 0.57712 0.5639700000000001 0.54916 0.538822 0.52718 0.5125299999999999 0.499336 0.48897199999999996 0.476158 0.46224 0.45084199999999996 0.43718 0.4269 0.414842 0.401272 0.388618 0.378654 0.366178 0.358116 0.347872 0.33975599999999995 0.33437 0.332774 0.3317 0.33163 0.33177999999999996 0.331146 0.33101400000000003 0.331806 0.33222199999999996 0.330762 0.331488 0.33113400000000004 0.33217399999999997 0.332172 0.33053 0.331376 0.331354 
0.611842 0.599448 0.5895499999999999 0.57528 0.5612820000000001 0.5501860000000001 0.537402 0.52663 0.5129880000000001 0.49899 0.48947199999999996 0.47406200000000004 0.46456400000000003 0.45023399999999997 0.43831 0.427302 0.411462 0.401082 0.389052 0.379104 0.369324 0.35772000000000004 0.34904599999999997 0.33985000000000004 0.337052 0.33207 0.332378 0.33094799999999996 0.331338 0.33176799999999995 0.331572 0.331168 0.332098 0.332186 0.331464 0.33262 0.332044 0.331218 0.331716 0.331126 0.331406 
0.611058 0.5999 0.58885 0.576622 0.564702 0.551826 0.540772 0.526408 0.514556 0.500378 0.488606 0.476824 0.462966 0.449916 0.43493200000000004 0.427196 0.412556 0.400944 0.391918 0.379818 0.36819 0.359012 0.349536 0.339882 0.33549799999999996 0.333034 0.331762 0.33145600000000003 0.33176 0.33205599999999996 0.331426 0.33222399999999996 0.33128399999999997 0.332022 0.331878 0.332368 0.331462 0.331476 0.33124000000000003 0.33145600000000003 0.331536 
0.6124959999999999 0.599432 0.587792 0.57643 0.5658479999999999 0.552206 0.541194 0.527236 0.5140359999999999 0.50266 0.488344 0.477482 0.46338999999999997 0.45106 0.43807 0.425624 0.41410800000000003 0.40495600000000004 0.389156 0.381144 0.36807 0.35808 0.348628 0.339864 0.33436200000000005 0.332774 0.331756 0.331544 0.33193599999999995 0.332428 0.33129000000000003 0.33269 0.33201600000000003 0.332154 0.331438 0.331644 0.331656 0.33108800000000005 0.331822 0.331794 0.331492 
0.613622 0.601368 0.587422 0.578958 0.566148 0.55304 0.5425679999999999 0.528462 0.514636 0.5039440000000001 0.48793200000000003 0.477676 0.465078 0.451042 0.44076 0.425908 0.41430399999999995 0.40169 0.392092 0.379904 0.36831 0.359244 0.348114 0.34087599999999996 0.335752 0.333502 0.333632 0.332892 0.332238 0.33167599999999997 0.332126 0.33281 0.332066 0.33243599999999995 0.33075 0.331658 0.332002 0.332582 0.331486 0.33161 0.331428 
0.614294 0.60184 0.589902 0.577666 0.5654020000000001 0.552704 0.540556 0.530402 0.5151979999999999 0.501706 0.489888 0.47617000000000004 0.465518 0.451472 0.440828 0.42718 0.41456 0.404078 0.393586 0.37929 0.37020600000000004 0.360184 0.34938600000000003 0.340186 0.335812 0.33318400000000004 0.332864 0.331826 0.33161399999999996 0.33212 0.332432 0.331894 0.33238 0.332066 0.33157600000000004 0.331652 0.333048 0.331734 0.33242 0.33200599999999997 0.33261799999999997 
0.61413 0.602236 0.590456 0.57894 0.569566 0.554588 0.542352 0.5290560000000001 0.517706 0.50496 0.49135399999999996 0.478854 0.465904 0.45164 0.440334 0.42757799999999996 0.413754 0.402608 0.395806 0.38173599999999996 0.370592 0.35993200000000003 0.349666 0.34034 0.336912 0.333884 0.333086 0.33221 0.332022 0.33236200000000005 0.33352800000000005 0.331208 0.33261399999999997 0.332978 0.33200799999999997 0.332526 0.33249599999999996 0.332426 0.331796 0.33212400000000003 0.332038 
0.616044 0.603292 0.591496 0.578744 0.566448 0.555604 0.544858 0.5299740000000001 0.517356 0.503582 0.493568 0.479684 0.468344 0.454214 0.440016 0.42872000000000005 0.415832 0.406322 0.393942 0.38086000000000003 0.37042200000000003 0.36060000000000003 0.349558 0.3424 0.338552 0.333446 0.333292 0.332658 0.333012 0.33313400000000004 0.33281 0.33267399999999997 0.331952 0.33342 0.332988 0.33319 0.33328399999999997 0.33302 0.332466 0.332166 0.331776 
0.6161760000000001 0.605694 0.593428 0.58082 0.568576 0.555416 0.5430900000000001 0.532172 0.5175460000000001 0.505072 0.49391199999999996 0.48037799999999997 0.46871199999999996 0.455248 0.442764 0.431894 0.417726 0.405082 0.393686 0.382444 0.37298200000000004 0.364102 0.352292 0.34466800000000003 0.337466 0.33560199999999996 0.33495800000000003 0.333966 0.333808 0.333518 0.332992 0.33313 0.33327999999999997 0.33313 0.33287599999999995 0.33228199999999997 0.332358 0.33324200000000004 0.33307 0.333208 0.333486 
0.617674 0.606816 0.593962 0.582926 0.5704859999999999 0.557844 0.548036 0.533806 0.5208780000000001 0.509236 0.494358 0.483356 0.469616 0.45736200000000005 0.44534199999999996 0.43126600000000004 0.419686 0.409948 0.396146 0.385946 0.37348000000000003 0.363712 0.351938 0.345152 0.33942 0.33554 0.334256 0.33493599999999996 0.3341 0.33388799999999996 0.3343 0.333374 0.334226 0.334266 0.334078 0.333584 0.3331 0.3335 0.33366199999999996 0.333792 0.334012 
0.621338 0.609734 0.5980639999999999 0.586018 0.5757000000000001 0.56308 0.55033 0.53798 0.524792 0.511456 0.498656 0.485964 0.470408 0.45992 0.449532 0.436392 0.424462 0.411622 0.40067200000000003 0.38698200000000005 0.37651 0.36492 0.357632 0.34836 0.339586 0.336086 0.336294 0.335188 0.334716 0.335368 0.33438 0.335608 0.33503 0.33388999999999996 0.335092 0.334148 0.33478600000000003 0.334678 0.334318 0.334158 0.33442 
0.62254 0.614448 0.601726 0.5909439999999999 0.578706 0.566078 0.5548500000000001 0.542394 0.5284719999999999 0.5159600000000001 0.504568 0.492322 0.47739800000000004 0.465002 0.45434399999999997 0.44062 0.427794 0.41752 0.40235000000000004 0.39240600000000003 0.381938 0.36953199999999997 0.361752 0.349426 0.34274400000000005 0.338748 0.33687599999999995 0.336668 0.33661399999999997 0.336078 0.33624400000000004 0.336292 0.335992 0.336106 0.336012 0.336096 0.336292 0.33631 0.33578800000000003 0.335536 0.335712 
0.631944 0.621876 0.609976 0.598916 0.5857899999999999 0.574394 0.5646599999999999 0.5485059999999999 0.538072 0.525128 0.510434 0.498944 0.48577 0.476264 0.464294 0.450104 0.436892 0.426968 0.414086 0.402924 0.38816199999999995 0.37685599999999997 0.365582 0.356524 0.349598 0.345352 0.33986 0.340404 0.34024200000000004 0.340416 0.339342 0.339908 0.339118 0.33980200000000005 0.339144 0.338962 0.339296 0.33914999999999995 0.339518 0.33882999999999996 0.33839199999999997 
0.652256 0.6427419999999999 0.632308 0.6208020000000001 0.609248 0.602308 0.589802 0.575948 0.5657960000000001 0.5526760000000001 0.5404 0.526404 0.513188 0.5023 0.48895 0.476238 0.46316199999999996 0.44846600000000003 0.43779399999999996 0.42705 0.416234 0.404518 0.393058 0.37951 0.368774 0.36197399999999996 0.353976 0.351068 0.34966 0.349058 0.34989800000000004 0.348746 0.34842399999999996 0.34886 0.348072 0.34844200000000003 0.348028 0.34804 0.34813 0.347918 0.346566 
0.9 0.9 0.9 0.9 0.9 0.9 0.9 0.9 0.9 0.9 0.9 0.9 0.9 0.9 0.9 0.9 0.9 0.9 0.9 0.9 0.9 0.9 0.9 0.9 0.9 0.9 0.9 0.9 0.9 0.9 0.9 0.9 0.9 0.9 0.9 0.9 0.9 0.9 0.9 0.9 0.9 
