0.641596 0.6316459999999999 0.622092 0.6120639999999999 0.602366 0.5930380000000001 0.583268 0.571036 0.5630080000000001 0.550346 0.539882 0.5293479999999999 0.520156 0.50745 0.49814800000000004 0.48825799999999997 0.477582 0.464782 0.45582799999999996 0.447998 0.43591599999999997 0.427318 0.41967000000000004 0.409176 0.39937599999999995 0.391946 0.38391000000000003 0.37535599999999997 0.37147 0.368926 0.368122 0.367592 0.367234 0.366576 0.36798000000000003 0.367452 0.366498 0.36593000000000003 0.36736599999999997 0.366828 0.36703399999999997 
0.640556 0.631832 0.6223759999999999 0.612106 0.6033959999999999 0.5919139999999999 0.5819460000000001 0.5715800000000001 0.560228 0.552246 0.540034 0.5310860000000001 0.517342 0.509002 0.497398 0.488448 0.477868 0.467904 0.457368 0.44674200000000003 0.437168 0.430244 0.418068 0.409868 0.39838999999999997 0.390622 0.38214800000000004 0.377124 0.371392 0.36851 0.36647 0.366568 0.366754 0.367694 0.367966 0.36773 0.367442 0.367678 0.366922 0.366124 0.367732 
0.642 0.632612 0.622226 0.612822 0.603996 0.5937039999999999 0.583612 0.57062 0.560944 0.553528 0.540726 0.5318160000000001 0.51955 0.509528 0.500132 0.49092 0.47904199999999997 0.469568 0.457804 0.44877 0.43887400000000004 0.427862 0.41964 0.410052 0.401638 0.392086 0.384872 0.378318 0.37271 0.369618 0.368334 0.368496 0.36812599999999995 0.367726 0.36826 0.367536 0.367838 0.366892 0.36749400000000004 0.36836599999999997 0.367402 
0.64295 0.63226 0.623694 0.614422 0.6041340000000001 0.5931660000000001 0.584904 0.572868 0.561408 0.5513579999999999 0.544076 0.532244 0.519598 0.511956 0.500544 0.489738 0.478908 0.468596 0.458878 0.448758 0.43990199999999996 0.43083 0.420016 0.411014 0.402746 0.393414 0.386168 0.377118 0.373424 0.370606 0.36843400000000004 0.368436 0.36866000000000004 0.36774799999999996 0.367938 0.36845 0.36863 0.36859800000000004 0.367694 0.36809800000000004 0.36782600000000004 
0.643202 0.63455 0.626528 0.6142880000000001 0.604414 0.59473 0.585682 0.57557 0.563804 0.5526660000000001 0.5426040000000001 0.5327580000000001 0.5231319999999999 0.51316 0.502976 0.49029 0.481676 0.469908 0.46023200000000003 0.45079 0.439712 0.431722 0.421762 0.412642 0.40311 0.395038 0.385852 0.379834 0.37424799999999997 0.371164 0.37045999999999996 0.36906 0.369454 0.36881 0.368666 0.36849200000000004 0.36862599999999995 0.368302 0.368784 0.368694 0.367674 
0.64312 0.632796 0.623284 0.6151599999999999 0.605504 0.5944579999999999 0.586016 0.576042 0.5630700000000001 0.5551280000000001 0.541864 0.53191 0.52519 0.5120520000000001 0.5013759999999999 0.492092 0.481726 0.470856 0.46186200000000005 0.452278 0.440336 0.431636 0.423262 0.413294 0.40407 0.394004 0.386036 0.379844 0.373946 0.371416 0.369134 0.369424 0.369634 0.369606 0.369234 0.369076 0.370108 0.369622 0.369536 0.369402 0.369824 
0.6432960000000001 0.6337140000000001 0.627034 0.615894 0.604622 0.5963339999999999 0.5862200000000001 0.575086 0.5671240000000001 0.554778 0.545828 0.533372 0.522854 0.512842 0.50417 0.492722 0.483028 0.474412 0.463812 0.453414 0.440464 0.43085 0.423088 0.41525 0.403216 0.397838 0.389718 0.38112 0.374724 0.37151999999999996 0.37041199999999996 0.369868 0.36974799999999997 0.36985 0.370024 0.369668 0.369962 0.36894600000000005 0.369408 0.368848 0.3693 
0.642578 0.634534 0.625274 0.6159220000000001 0.606758 0.596368 0.586792 0.5765 0.56514 0.5559339999999999 0.54545 0.5350739999999999 0.5240199999999999 0.514688 0.502378 0.49281 0.483242 0.47349 0.46499799999999997 0.454672 0.44332 0.434164 0.42442799999999997 0.413586 0.40483199999999997 0.395608 0.390212 0.382642 0.376612 0.37330599999999997 0.370738 0.371164 0.370502 0.36998000000000003 0.370498 0.369906 0.370366 0.36999400000000005 0.36979 0.369844 0.370528 
0.644396 0.635632 0.627542 0.6163500000000001 0.6071660000000001 0.59773 0.5883379999999999 0.577406 0.56651 0.557378 0.545778 0.53755 0.525476 0.516484 0.505876 0.494848 0.48528 0.475686 0.46451 0.45327999999999996 0.446854 0.43662799999999996 0.425282 0.416572 0.407616 0.399686 0.39183999999999997 0.382706 0.377986 0.373224 0.372194 0.372308 0.370948 0.37074799999999997 0.370756 0.370604 0.371362 0.370214 0.371182 0.370428 0.371346 
0.644796 0.63612 0.6283099999999999 0.617972 0.6075320000000001 0.59866 0.5879260000000001 0.5797380000000001 0.5685560000000001 0.556194 0.54892 0.5379160000000001 0.528726 0.51564 0.507348 0.496132 0.484714 0.47605200000000003 0.46506400000000003 0.455738 0.446476 0.43699 0.427318 0.418162 0.40964999999999996 0.39948 0.39273399999999997 0.383276 0.378818 0.373962 0.37253800000000004 0.37229399999999996 0.37208600000000003 0.371164 0.371556 0.37126600000000004 0.37206599999999995 0.37138600000000005 0.37115 0.37044600000000005 0.37143 
0.645396 0.63773 0.628298 0.618506 0.6087400000000001 0.598774 0.58824 0.578554 0.5709299999999999 0.5575800000000001 0.55006 0.5391459999999999 0.5286040000000001 0.5159640000000001 0.50564 0.498178 0.485904 0.477534 0.46549 0.45812400000000003 0.447594 0.440016 0.429582 0.41905200000000004 0.4111 0.401306 0.393204 0.386232 0.38002199999999997 0.374678 0.372736 0.37381400000000004 0.373556 0.372118 0.372238 0.371608 0.371878 0.372642 0.372192 0.3718 0.371576 
0.646394 0.63736 0.6315879999999999 0.619774 0.610262 0.6007039999999999 0.590172 0.58065 0.568994 0.560416 0.5516040000000001 0.5384479999999999 0.532058 0.517636 0.50766 0.49751799999999996 0.48909600000000003 0.47903199999999996 0.46902 0.45804 0.45146800000000004 0.441616 0.430168 0.422164 0.413912 0.4047 0.39477999999999996 0.38878199999999996 0.380244 0.377406 0.37468599999999996 0.37397 0.373966 0.373344 0.372966 0.373042 0.37209800000000004 0.373276 0.373236 0.373058 0.372202 
0.64777 0.637792 0.630962 0.621148 0.6103419999999999 0.601152 0.5931219999999999 0.581462 0.570766 0.5611280000000001 0.548938 0.5400940000000001 0.5322100000000001 0.5210159999999999 0.5119859999999999 0.499134 0.490282 0.481126 0.46952999999999995 0.46082 0.45073599999999997 0.44110000000000005 0.4328 0.422108 0.412964 0.407038 0.395562 0.38824400000000003 0.383074 0.37682 0.375142 0.37459 0.372966 0.37345999999999996 0.37352199999999997 0.37425 0.37362 0.372832 0.374098 0.37249 0.373366 
0.647682 0.64007 0.628614 0.621026 0.61064 0.603502 0.593394 0.582828 0.573674 0.560936 0.55135 0.542528 0.5311359999999999 0.520798 0.510368 0.4993 0.489724 0.48361000000000004 0.469384 0.46105399999999996 0.45137 0.44342200000000004 0.431862 0.423734 0.416176 0.405474 0.396694 0.389304 0.38283 0.37858600000000003 0.37514 0.37488 0.373796 0.374096 0.375098 0.373654 0.374156 0.373634 0.37426600000000004 0.37375400000000003 0.373562 
0.649408 0.6404160000000001 0.632928 0.623052 0.6131939999999999 0.601682 0.5948479999999999 0.584076 0.574526 0.562894 0.5537880000000001 0.5443060000000001 0.533692 0.5222519999999999 0.512648 0.504826 0.491836 0.48057799999999995 0.47286399999999995 0.464714 0.45463400000000004 0.442064 0.436524 0.427822 0.416574 0.408354 0.40008 0.390002 0.38452 0.38040199999999996 0.377492 0.37499400000000005 0.375942 0.375034 0.37492000000000003 0.375726 0.374968 0.37450599999999995 0.374756 0.37546199999999996 0.375108 
0.6494439999999999 0.641524 0.6325700000000001 0.6227140000000001 0.613548 0.603348 0.5924539999999999 0.5870080000000001 0.5780420000000001 0.5642039999999999 0.5561 0.5481280000000001 0.5327000000000001 0.525864 0.515846 0.505508 0.49439 0.48457799999999995 0.476568 0.46451600000000004 0.455772 0.445204 0.43760000000000004 0.427964 0.41848399999999997 0.408356 0.402286 0.392764 0.385104 0.379668 0.37868 0.376396 0.376726 0.375094 0.376182 0.37521 0.37520600000000004 0.376178 0.37529399999999996 0.37511 0.37525 
0.651586 0.6433840000000001 0.633466 0.624466 0.6149479999999999 0.605878 0.595414 0.585108 0.5751860000000001 0.565692 0.554826 0.545862 0.5357999999999999 0.525518 0.512552 0.505922 0.493938 0.485344 0.475418 0.46443599999999996 0.45712200000000003 0.44750799999999996 0.43752199999999997 0.428684 0.420502 0.410494 0.40151400000000004 0.393872 0.387188 0.380826 0.378868 0.37902600000000003 0.37719400000000003 0.376756 0.376222 0.37642000000000003 0.375472 0.375444 0.37587200000000004 0.37639 0.37576 
0.651588 0.642732 0.633562 0.623808 0.615564 0.604854 0.59585 0.5852 0.5767720000000001 0.5680080000000001 0.555194 0.545968 0.5397179999999999 0.5258379999999999 0.519482 0.509084 0.49821 0.48694400000000004 0.476844 0.470298 0.458172 0.447036 0.43791399999999997 0.429776 0.42081799999999997 0.414178 0.40366399999999997 0.394962 0.38967399999999996 0.383926 0.37911 0.3777 0.378046 0.377722 0.377416 0.377732 0.37762 0.377238 0.37689999999999996 0.37635399999999997 0.37599400000000005 
0.6534260000000001 0.6436280000000001 0.634776 0.625582 0.618424 0.6063999999999999 0.598638 0.588548 0.576624 0.5693039999999999 0.5587179999999999 0.5494260000000001 0.539 0.527436 0.519398 0.509734 0.49781 0.48959800000000003 0.478242 0.47094 0.460442 0.450476 0.44241 0.432454 0.42334 0.412666 0.40663 0.39782799999999996 0.39142 0.384306 0.381956 0.379084 0.379032 0.378262 0.37870600000000004 0.377784 0.37825 0.37812599999999996 0.378094 0.378214 0.37712799999999996 
0.653674 0.6442899999999999 0.635816 0.627758 0.617538 0.607656 0.600076 0.5915499999999999 0.5796720000000001 0.57036 0.559118 0.5502140000000001 0.5396620000000001 0.5285700000000001 0.518334 0.511556 0.499258 0.489152 0.47969799999999996 0.47019 0.459918 0.451318 0.440176 0.43585199999999996 0.42470600000000003 0.41630399999999995 0.406254 0.39862000000000003 0.39140199999999997 0.385756 0.381942 0.38008600000000003 0.378666 0.378928 0.37883 0.37885 0.378098 0.378744 0.37835399999999997 0.377256 0.378224 
0.6556879999999999 0.646394 0.638458 0.6290739999999999 0.619004 0.611052 0.60053 0.594014 0.582048 0.572448 0.5629679999999999 0.5514220000000001 0.539734 0.531224 0.5211079999999999 0.511596 0.502598 0.49283 0.48115199999999997 0.474628 0.462628 0.45336200000000004 0.44465 0.433356 0.42592399999999997 0.417164 0.408974 0.400198 0.393438 0.387024 0.383346 0.38067399999999996 0.380394 0.38012999999999997 0.380182 0.379228 0.3795 0.378644 0.379926 0.379746 0.379414 
0.6564 0.648242 0.639498 0.629918 0.621874 0.6120119999999999 0.603176 0.594362 0.58478 0.573986 0.564104 0.552866 0.546036 0.535142 0.523872 0.5153880000000001 0.5061840000000001 0.496692 0.48433 0.47563 0.468494 0.457126 0.44963 0.44048000000000004 0.427524 0.420162 0.412222 0.40375599999999995 0.396992 0.39047000000000004 0.386444 0.383488 0.38171 0.38149400000000006 0.381442 0.381338 0.380382 0.38075200000000003 0.38081200000000004 0.38168 0.38023399999999996 
0.6572140000000001 0.649458 0.64078 0.631322 0.62385 0.614836 0.603084 0.593862 0.5845940000000001 0.57694 0.565434 0.555604 0.544774 0.537366 0.525822 0.5170359999999999 0.505772 0.499026 0.4863 0.47834 0.46735000000000004 0.457572 0.448936 0.43986200000000003 0.43082 0.42249200000000003 0.414922 0.40533600000000003 0.39893599999999996 0.391058 0.385774 0.384184 0.38329 0.38336200000000004 0.381536 0.382364 0.382666 0.381202 0.38196199999999997 0.38219 0.380574 
0.65927 0.6511979999999999 0.64187 0.635426 0.62529 0.6156860000000001 0.60652 0.595654 0.586062 0.578076 0.569428 0.559674 0.548338 0.538048 0.528192 0.519836 0.509724 0.499178 0.49086 0.478792 0.470494 0.461546 0.451918 0.443032 0.433536 0.426332 0.418162 0.40952999999999995 0.400712 0.392568 0.388612 0.384918 0.38426 0.384046 0.38348200000000005 0.383958 0.38289 0.382906 0.381942 0.38275200000000004 0.383556 
0.660276 0.652654 0.6429239999999999 0.63444 0.625622 0.616502 0.606496 0.59904 0.589204 0.58184 0.5703060000000001 0.560558 0.549964 0.540608 0.53242 0.52067 0.511588 0.502274 0.490884 0.48312 0.47478 0.46426 0.453122 0.44501999999999997 0.436236 0.429252 0.41742 0.41194600000000003 0.40275 0.395414 0.389686 0.387492 0.386412 0.38345999999999997 0.384834 0.38455399999999995 0.38450599999999996 0.38385199999999997 0.38372 0.384416 0.383094 
0.661988 0.653244 0.644766 0.635664 0.627442 0.618872 0.609644 0.599426 0.592662 0.581148 0.571824 0.562552 0.55318 0.542514 0.533952 0.52193 0.5145019999999999 0.504026 0.496114 0.485604 0.47643599999999997 0.46554 0.458536 0.44685 0.43925 0.42955 0.421462 0.41436 0.404854 0.397544 0.394004 0.388766 0.386392 0.385886 0.38500599999999996 0.384838 0.384756 0.384804 0.385318 0.384498 0.38351 
0.6642720000000001 0.6551939999999999 0.648674 0.63828 0.6296499999999999 0.622242 0.612578 0.604136 0.59515 0.583596 0.5758139999999999 0.564764 0.5554600000000001 0.546276 0.535678 0.5255359999999999 0.519332 0.508436 0.49893 0.4868 0.479516 0.46856400000000004 0.45838999999999996 0.451728 0.44071 0.431834 0.424918 0.41646 0.408012 0.39966399999999996 0.395326 0.390692 0.38896600000000003 0.38767599999999997 0.387264 0.386604 0.38702800000000004 0.385 0.386334 0.386322 0.386684 
0.665618 0.655732 0.649014 0.641582 0.6321180000000001 0.6234120000000001 0.614224 0.6060420000000001 0.595546 0.587438 0.577318 0.5683980000000001 0.560604 0.54935 0.540128 0.530638 0.5222100000000001 0.509038 0.50197 0.491514 0.480182 0.47226 0.463038 0.45382 0.44423 0.436058 0.42619799999999997 0.417562 0.410008 0.402248 0.396024 0.392686 0.390266 0.38935000000000003 0.388654 0.388316 0.387748 0.38770800000000005 0.38667 0.38780200000000004 0.387374 
0.6680900000000001 0.659942 0.651046 0.64415 0.6344059999999999 0.626484 0.617476 0.609668 0.598834 0.5887859999999999 0.5807599999999999 0.570406 0.5624199999999999 0.551862 0.541474 0.533558 0.521884 0.5129980000000001 0.502578 0.494802 0.486044 0.476342 0.466588 0.458112 0.450504 0.440394 0.431114 0.424122 0.41358 0.406094 0.39901400000000004 0.394524 0.39255599999999996 0.390552 0.389874 0.389858 0.388798 0.388474 0.38930000000000003 0.38938799999999996 0.388984 
0.669134 0.662036 0.654514 0.64727 0.638034 0.6303500000000001 0.620032 0.612386 0.6025839999999999 0.59146 0.584928 0.5737000000000001 0.563188 0.557048 0.546586 0.537746 0.5263479999999999 0.5177780000000001 0.50914 0.499796 0.488234 0.47958999999999996 0.47118 0.461972 0.454442 0.445052 0.43503800000000004 0.42686599999999997 0.41936599999999996 0.411728 0.40386 0.39768400000000004 0.39397000000000004 0.392356 0.392108 0.39182799999999995 0.39122199999999996 0.390686 0.39105 0.389596 0.39067 
0.671846 0.66389 0.655486 0.6495019999999999 0.641674 0.6329239999999999 0.622078 0.6156459999999999 0.606496 0.594754 0.587528 0.577126 0.5678479999999999 0.5590879999999999 0.54961 0.5395420000000001 0.52944 0.521088 0.5094 0.501292 0.490882 0.48497199999999996 0.47328 0.46495 0.455794 0.446336 0.43779399999999996 0.429244 0.42184 0.41394 0.404886 0.398504 0.395374 0.394892 0.39363 0.392464 0.39265 0.39222199999999996 0.391896 0.391118 0.391702 
0.6756380000000001 0.668078 0.661798 0.653358 0.64466 0.637364 0.626456 0.6195 0.6107400000000001 0.600822 0.5910259999999999 0.581998 0.5744819999999999 0.566002 0.555626 0.548322 0.536002 0.527892 0.51947 0.508956 0.498758 0.490334 0.47999400000000003 0.47329000000000004 0.46169600000000005 0.45300599999999996 0.444596 0.435698 0.428056 0.41875599999999996 0.412988 0.40542 0.40250400000000003 0.39861599999999997 0.39583999999999997 0.39628800000000003 0.395044 0.395152 0.39519 0.39512200000000003 0.394464 
0.6785800000000001 0.6712659999999999 0.662572 0.656944 0.648314 0.63889 0.63181 0.622644 0.6145700000000001 0.60448 0.59587 0.587492 0.5774199999999999 0.567652 0.5577000000000001 0.5511240000000001 0.541658 0.531182 0.523732 0.510336 0.502842 0.493344 0.48730399999999996 0.474266 0.468724 0.45484800000000003 0.44673399999999996 0.43708600000000003 0.42985199999999996 0.422566 0.41423200000000004 0.408418 0.403864 0.39999599999999996 0.398128 0.39807 0.39681 0.39616 0.39693 0.395764 0.395572 
0.6817920000000001 0.67536 0.6665 0.658978 0.65213 0.643048 0.6350359999999999 0.62774 0.617996 0.611278 0.602426 0.592626 0.5837100000000001 0.57399 0.565332 0.554948 0.546804 0.535446 0.527802 0.517154 0.507904 0.49937 0.490666 0.48048399999999997 0.470856 0.4633 0.453808 0.444346 0.435332 0.427942 0.419108 0.412314 0.40823200000000004 0.404088 0.400834 0.400512 0.398764 0.399314 0.397868 0.398256 0.39781599999999995 
0.685958 0.679818 0.672304 0.665014 0.6561359999999999 0.64896 0.640792 0.6329640000000001 0.623812 0.615226 0.605994 0.594804 0.5903619999999999 0.5793680000000001 0.572062 0.56224 0.552948 0.54362 0.535616 0.525452 0.515478 0.504964 0.49555 0.48597199999999996 0.47721199999999997 0.469718 0.460518 0.45208800000000005 0.4433 0.433178 0.42745 0.419728 0.412956 0.40945 0.404508 0.402718 0.402566 0.401718 0.400946 0.400442 0.400326 
0.692914 0.685372 0.678768 0.671716 0.6644880000000001 0.6563479999999999 0.6482 0.6407160000000001 0.6335299999999999 0.6244299999999999 0.6160140000000001 0.6076459999999999 0.597644 0.5878920000000001 0.580244 0.571174 0.5621 0.552446 0.5453600000000001 0.53434 0.524802 0.516726 0.509404 0.497116 0.487648 0.480102 0.470906 0.462336 0.453712 0.447606 0.43626 0.42691 0.42277 0.41489 0.40995800000000004 0.407264 0.40704 0.40679000000000004 0.405864 0.40560399999999996 0.40487799999999996 
0.699626 0.694696 0.6861 0.680976 0.6745180000000001 0.664304 0.657762 0.652104 0.64151 0.636284 0.626692 0.618702 0.609568 0.6000059999999999 0.592684 0.583214 0.5762480000000001 0.565846 0.558958 0.548572 0.5391180000000001 0.530768 0.521532 0.512582 0.504004 0.496652 0.48596 0.476812 0.46634800000000004 0.458812 0.447758 0.441532 0.43450599999999995 0.427584 0.421576 0.416952 0.414206 0.412858 0.412284 0.41095 0.41143799999999997 
0.7072759999999999 0.7007859999999999 0.695762 0.688268 0.680966 0.675068 0.66938 0.660026 0.65387 0.645402 0.636528 0.630414 0.621048 0.614552 0.603056 0.59535 0.587678 0.578862 0.567908 0.561222 0.548532 0.544404 0.535222 0.523402 0.515098 0.508244 0.49825400000000003 0.48655000000000004 0.47888400000000003 0.46872800000000003 0.463082 0.454044 0.44633999999999996 0.4373 0.42949 0.426182 0.42035199999999995 0.418006 0.41688400000000003 0.416002 0.41542 
0.72029 0.71528 0.7098920000000001 0.704862 0.697822 0.691338 0.6853579999999999 0.6792079999999999 0.6715800000000001 0.664596 0.657632 0.651358 0.642028 0.636094 0.626534 0.620754 0.6091040000000001 0.603898 0.595362 0.586016 0.577126 0.568364 0.558688 0.550314 0.542658 0.532162 0.52338 0.514938 0.50814 0.49715 0.489926 0.48165199999999997 0.47150400000000003 0.463942 0.455366 0.446846 0.44006 0.433424 0.43165 0.42980399999999996 0.42819799999999997 
0.738696 0.734174 0.729376 0.72373 0.718904 0.7152419999999999 0.708006 0.702646 0.6966359999999999 0.691264 0.6865399999999999 0.678252 0.6742100000000001 0.665924 0.658466 0.651378 0.642612 0.636418 0.628458 0.622834 0.6104700000000001 0.60723 0.59592 0.589564 0.580022 0.5723579999999999 0.564184 0.5569740000000001 0.549804 0.538298 0.530482 0.522162 0.511754 0.504008 0.494868 0.486814 0.480554 0.47197 0.461364 0.456546 0.45184199999999997 
0.772378 0.769092 0.76602 0.7625839999999999 0.7603759999999999 0.755676 0.7518239999999999 0.747278 0.744516 0.740908 0.7362839999999999 0.7325539999999999 0.728366 0.7240800000000001 0.7189180000000001 0.714124 0.709256 0.704388 0.699588 0.6936359999999999 0.688708 0.682294 0.677894 0.6717380000000001 0.6674880000000001 0.660218 0.652588 0.649058 0.639586 0.635026 0.62858 0.621614 0.6141380000000001 0.606072 0.602074 0.59408 0.5861219999999999 0.5784360000000001 0.5694239999999999 0.5628200000000001 0.5551820000000001 
